3400.000	4.1135E-16	0
3401.534	4.6987E-16	0
3403.069	4.8791E-16	0
3404.603	5.1670E-16	0
3406.137	4.4857E-16	0
3407.672	4.2563E-16	0
3409.206	4.4604E-16	0
3410.740	4.1883E-16	0
3412.275	3.8829E-16	0
3413.809	3.6261E-16	0
3415.343	3.2161E-16	0
3416.878	4.2552E-16	0
3418.412	4.9223E-16	0
3419.946	4.9908E-16	0
3421.480	4.6559E-16	0
3423.015	4.3081E-16	0
3424.549	3.9551E-16	0
3426.083	3.7188E-16	0
3427.618	3.5948E-16	0
3429.152	3.4187E-16	0
3430.687	3.6727E-16	0
3432.221	3.6580E-16	0
3433.755	3.1974E-16	0
3435.290	3.6897E-16	0
3436.824	5.4170E-16	0
3438.358	5.5993E-16	0
3439.893	5.5768E-16	0
3441.427	4.7982E-16	0
3442.961	4.2715E-16	0
3444.495	4.2267E-16	0
3446.030	3.4896E-16	0
3447.564	3.6888E-16	0
3449.098	3.6139E-16	0
3450.633	2.8969E-16	0
3452.167	3.3039E-16	0
3453.701	2.9393E-16	0
3455.236	4.1543E-16	0
3456.770	4.7144E-16	0
3458.304	4.3578E-16	0
3459.839	4.3614E-16	0
3461.373	4.0295E-16	0
3462.907	4.7015E-16	0
3464.442	4.1307E-16	0
3465.976	3.4383E-16	0
3467.510	4.1547E-16	0
3469.045	4.1542E-16	0
3470.579	4.2930E-16	0
3472.113	4.1337E-16	0
3473.648	4.2160E-16	0
3475.182	3.6710E-16	0
3476.716	3.6855E-16	0
3478.251	4.3902E-16	0
3479.785	3.7148E-16	0
3481.319	3.1029E-16	0
3482.854	3.5001E-16	0
3484.388	3.1354E-16	0
3485.922	3.5003E-16	0
3487.457	3.2137E-16	0
3488.991	3.5296E-16	0
3490.525	4.5286E-16	0
3492.060	5.0672E-16	0
3493.594	4.4468E-16	0
3495.128	4.2952E-16	0
3496.663	4.1274E-16	0
3498.197	4.6408E-16	0
3499.731	4.6862E-16	0
3501.266	3.7975E-16	0
3502.800	4.3375E-16	0
3504.334	4.9075E-16	0
3505.869	4.4366E-16	0
3507.403	4.4327E-16	0
3508.937	4.3471E-16	0
3510.471	3.9585E-16	0
3512.006	3.9152E-16	0
3513.540	4.5085E-16	0
3515.074	4.2360E-16	0
3516.609	4.3333E-16	0
3518.143	4.5379E-16	0
3519.677	3.7218E-16	0
3521.212	3.7549E-16	0
3522.746	3.3037E-16	0
3524.281	2.9211E-16	0
3525.815	2.6524E-16	0
3527.349	2.7035E-16	0
3528.884	3.4475E-16	0
3530.418	3.2856E-16	0
3531.952	3.1601E-16	0
3533.486	2.9304E-16	0
3535.021	3.1341E-16	0
3536.555	3.3324E-16	0
3538.089	2.9909E-16	0
3539.624	3.3425E-16	0
3541.158	3.2519E-16	0
3542.692	2.6155E-16	0
3544.227	2.4942E-16	0
3545.761	2.2454E-16	0
3547.295	2.1934E-16	0
3548.830	2.4739E-16	0
3550.364	1.9567E-16	0
3551.898	3.1147E-16	0
3553.433	3.1857E-16	0
3554.967	2.3969E-16	0
3556.501	2.3080E-16	0
3558.036	2.7812E-16	0
3559.570	2.7511E-16	0
3561.104	2.9354E-16	0
3562.639	2.6164E-16	0
3564.173	2.6085E-16	0
3565.707	2.8205E-16	0
3567.242	2.6952E-16	0
3568.776	2.8930E-16	0
3570.310	3.2821E-16	0
3571.844	3.3287E-16	0
3573.379	2.9340E-16	0
3574.913	3.3142E-16	0
3576.448	2.5667E-16	0
3577.982	2.9425E-16	0
3579.516	3.3749E-16	0
3581.051	3.3326E-16	0
3582.585	2.9278E-16	0
3584.119	2.8378E-16	0
3585.654	3.0012E-16	0
3587.188	3.7410E-16	0
3588.722	4.3510E-16	0
3590.257	4.4895E-16	0
3591.791	3.3238E-16	0
3593.325	3.3384E-16	0
3594.860	3.2038E-16	0
3596.394	3.2477E-16	0
3597.928	3.1266E-16	0
3599.462	3.1781E-16	0
3600.997	3.0785E-16	0
3602.531	2.8063E-16	0
3604.065	2.8775E-16	0
3605.600	3.3368E-16	0
3607.134	3.4263E-16	0
3608.668	3.3490E-16	0
3610.203	3.1037E-16	0
3611.737	2.9768E-16	0
3613.271	3.3247E-16	0
3614.806	3.3663E-16	0
3616.340	3.2816E-16	0
3617.875	3.1014E-16	0
3619.409	2.8519E-16	0
3620.943	2.6475E-16	0
3622.477	2.8358E-16	0
3624.012	3.3781E-16	0
3625.546	3.7999E-16	0
3627.080	3.7086E-16	0
3628.615	3.4976E-16	0
3630.149	3.2329E-16	0
3631.683	2.8005E-16	0
3633.218	2.2399E-16	0
3634.752	2.7067E-16	0
3636.286	3.2121E-16	0
3637.821	3.1203E-16	0
3639.355	3.1027E-16	0
3640.889	3.1095E-16	0
3642.424	2.9858E-16	0
3643.958	3.4362E-16	0
3645.492	3.0543E-16	0
3647.027	3.5321E-16	0
3648.561	3.0098E-16	0
3650.095	2.6715E-16	0
3651.630	3.4798E-16	0
3653.164	3.0246E-16	0
3654.698	3.0232E-16	0
3656.233	3.0427E-16	0
3657.767	3.3445E-16	0
3659.301	3.5845E-16	0
3660.835	3.1444E-16	0
3662.370	3.5870E-16	0
3663.904	3.2605E-16	0
3665.438	2.7945E-16	0
3666.973	2.4158E-16	0
3668.507	2.1919E-16	0
3670.042	2.5960E-16	0
3671.576	2.8146E-16	0
3673.110	2.4928E-16	0
3674.645	2.5504E-16	0
3676.179	2.8632E-16	0
3677.713	2.9956E-16	0
3679.248	3.1711E-16	0
3680.782	3.5967E-16	0
3682.316	3.2200E-16	0
3683.850	3.6634E-16	0
3685.385	3.6453E-16	0
3686.919	2.9761E-16	0
3688.453	3.1530E-16	0
3689.988	3.0512E-16	0
3691.522	3.1833E-16	0
3693.056	3.0095E-16	0
3694.591	2.7431E-16	0
3696.125	2.6165E-16	0
3697.659	2.5684E-16	0
3699.194	2.7064E-16	0
3700.728	2.4400E-16	0
3702.262	2.5679E-16	0
3703.797	2.6051E-16	0
3705.331	2.6257E-16	0
3706.865	3.0966E-16	0
3708.400	3.5460E-16	0
3709.934	3.4202E-16	0
3711.468	3.1184E-16	0
3713.003	2.8624E-16	0
3714.537	2.9030E-16	0
3716.071	2.9932E-16	0
3717.606	2.8827E-16	0
3719.140	3.4502E-16	0
3720.674	3.6053E-16	0
3722.209	3.2169E-16	0
3723.743	3.0274E-16	0
3725.277	3.4433E-16	0
3726.812	3.7366E-16	0
3728.346	3.7080E-16	0
3729.880	3.5087E-16	0
3731.415	2.8083E-16	0
3732.949	2.2666E-16	0
3734.483	3.0704E-16	0
3736.018	3.3506E-16	0
3737.552	2.7324E-16	0
3739.086	3.1843E-16	0
3740.621	3.4662E-16	0
3742.155	3.3436E-16	0
3743.689	3.5086E-16	0
3745.224	3.2972E-16	0
3746.758	3.1891E-16	0
3748.292	2.7865E-16	0
3749.826	1.8121E-16	0
3751.361	2.2571E-16	0
3752.895	2.6564E-16	0
3754.429	2.9576E-16	0
3755.964	3.2896E-16	0
3757.498	3.5334E-16	0
3759.032	3.2174E-16	0
3760.567	3.7089E-16	0
3762.101	4.0699E-16	0
3763.635	4.3463E-16	0
3765.170	4.6240E-16	0
3766.704	4.0419E-16	0
3768.239	4.0525E-16	0
3769.773	3.8396E-16	0
3771.307	3.7378E-16	0
3772.841	3.5732E-16	0
3774.376	3.3743E-16	0
3775.910	3.2863E-16	0
3777.444	3.0565E-16	0
3778.979	2.8226E-16	0
3780.513	2.4627E-16	0
3782.047	2.3178E-16	0
3783.582	2.4227E-16	0
3785.116	1.7850E-16	0
3786.650	1.8526E-16	0
3788.185	2.1317E-16	0
3789.719	2.5505E-16	0
3791.253	2.9665E-16	0
3792.788	2.7407E-16	0
3794.322	2.9652E-16	0
3795.856	3.1311E-16	0
3797.391	2.6962E-16	0
3798.925	2.7560E-16	0
3800.459	2.6635E-16	0
3801.994	2.6782E-16	0
3803.528	2.3450E-16	0
3805.062	2.3453E-16	0
3806.597	2.3287E-16	0
3808.131	2.4164E-16	0
3809.665	2.3203E-16	0
3811.200	2.3201E-16	0
3812.734	2.2546E-16	0
3814.268	2.3361E-16	0
3815.802	2.0472E-16	0
3817.337	1.9542E-16	0
3818.871	1.9561E-16	0
3820.406	1.7758E-16	0
3821.940	1.7542E-16	0
3823.474	1.6688E-16	0
3825.009	2.2015E-16	0
3826.543	2.4341E-16	0
3828.077	2.5580E-16	0
3829.612	2.7785E-16	0
3831.146	3.1089E-16	0
3832.680	3.2087E-16	0
3834.215	3.4079E-16	0
3835.749	3.4594E-16	0
3837.283	3.5899E-16	0
3838.817	3.4142E-16	0
3840.352	3.6307E-16	0
3841.886	3.1478E-16	0
3843.420	3.3522E-16	0
3844.955	2.9759E-16	0
3846.489	1.9233E-16	0
3848.023	2.2068E-16	0
3849.558	2.6172E-16	0
3851.092	2.8119E-16	0
3852.626	2.4313E-16	0
3854.161	2.3640E-16	0
3855.695	2.3372E-16	0
3857.229	2.2461E-16	0
3858.764	2.1616E-16	0
3860.298	2.2010E-16	0
3861.832	2.2991E-16	0
3863.367	2.4669E-16	0
3864.901	2.3240E-16	0
3866.435	2.5191E-16	0
3867.970	1.8636E-16	0
3869.504	1.6376E-16	0
3871.038	1.3564E-16	0
3872.573	1.6441E-16	0
3874.107	1.6947E-16	0
3875.641	2.0161E-16	0
3877.176	2.1763E-16	0
3878.710	1.9353E-16	0
3880.244	2.5213E-16	0
3881.779	3.1130E-16	0
3883.313	3.4021E-16	0
3884.847	3.1357E-16	0
3886.382	3.0543E-16	0
3887.916	2.9673E-16	0
3889.450	2.6702E-16	0
3890.985	2.8639E-16	0
3892.519	3.0692E-16	0
3894.053	3.3471E-16	0
3895.588	3.3708E-16	0
3897.122	3.4187E-16	0
3898.656	3.3196E-16	0
3900.190	3.5546E-16	0
3901.725	2.8869E-16	0
3903.259	2.6678E-16	0
3904.793	3.1237E-16	0
3906.328	2.9441E-16	0
3907.862	2.9926E-16	0
3909.396	3.2667E-16	0
3910.931	3.2201E-16	0
3912.465	2.9322E-16	0
3914.000	2.6181E-16	0
3915.534	2.6072E-16	0
3917.068	2.3749E-16	0
3918.603	2.6105E-16	0
3920.137	2.5607E-16	0
3921.671	2.3229E-16	0
3923.206	2.7466E-16	0
3924.740	3.9395E-16	0
3926.274	4.6385E-16	0
3927.808	5.1089E-16	0
3929.343	5.5748E-16	0
3930.877	5.4314E-16	0
3932.411	4.9000E-16	0
3933.946	5.0152E-16	0
3935.480	4.9288E-16	0
3937.014	5.0745E-16	0
3938.549	5.2027E-16	0
3940.083	4.9421E-16	0
3941.617	4.4750E-16	0
3943.152	3.8240E-16	0
3944.686	3.3359E-16	0
3946.220	3.0793E-16	0
3947.755	2.6225E-16	0
3949.289	2.4638E-16	0
3950.823	1.8957E-16	0
3952.358	1.7829E-16	0
3953.892	1.7228E-16	0
3955.426	1.9696E-16	0
3956.961	2.1421E-16	0
3958.495	2.3952E-16	0
3960.029	2.7019E-16	0
3961.564	3.5348E-16	0
3963.098	4.0345E-16	0
3964.632	4.1941E-16	0
3966.167	4.3678E-16	0
3967.701	4.2395E-16	0
3969.235	4.3934E-16	0
3970.770	4.9781E-16	0
3972.304	4.9830E-16	0
3973.838	5.3829E-16	0
3975.373	5.1706E-16	0
3976.907	4.6568E-16	0
3978.441	3.9712E-16	0
3979.976	3.1966E-16	0
3981.510	3.0694E-16	0
3983.044	3.1415E-16	0
3984.579	2.9253E-16	0
3986.113	2.6545E-16	0
3987.647	2.8512E-16	0
3989.181	2.6643E-16	0
3990.716	2.6780E-16	0
3992.250	2.1065E-16	0
3993.784	1.8429E-16	0
3995.319	1.8976E-16	0
3996.853	2.2633E-16	0
3998.387	2.3093E-16	0
3999.922	2.0259E-16	0
4001.456	2.0559E-16	0
4002.990	2.4370E-16	0
4004.525	2.3610E-16	0
4006.059	2.1203E-16	0
4007.594	2.3872E-16	0
4009.128	2.3890E-16	0
4010.662	2.0690E-16	0
4012.196	2.2937E-16	0
4013.731	1.8463E-16	0
4015.265	1.7440E-16	0
4016.799	2.0203E-16	0
4018.334	2.1353E-16	0
4019.868	2.0890E-16	0
4021.402	2.3023E-16	0
4022.937	2.2117E-16	0
4024.471	1.8739E-16	0
4026.005	2.1517E-16	0
4027.540	2.5798E-16	0
4029.074	2.7949E-16	0
4030.608	2.3675E-16	0
4032.143	2.3272E-16	0
4033.677	1.9420E-16	0
4035.211	1.7502E-16	0
4036.746	1.9897E-16	0
4038.280	1.9116E-16	0
4039.814	1.8645E-16	0
4041.349	1.8987E-16	0
4042.883	1.7572E-16	0
4044.417	2.0664E-16	0
4045.952	2.3379E-16	0
4047.486	2.2585E-16	0
4049.020	2.2119E-16	0
4050.555	1.7512E-16	0
4052.089	1.6887E-16	0
4053.623	1.9189E-16	0
4055.157	1.7335E-16	0
4056.692	2.0216E-16	0
4058.226	2.2239E-16	0
4059.760	1.8248E-16	0
4061.295	1.7881E-16	0
4062.829	1.9452E-16	0
4064.364	2.1840E-16	0
4065.898	1.8199E-16	0
4067.432	1.6458E-16	0
4068.967	1.9165E-16	0
4070.501	1.9682E-16	0
4072.035	1.7145E-16	0
4073.570	1.9151E-16	0
4075.104	1.7964E-16	0
4076.638	1.7390E-16	0
4078.172	1.9821E-16	0
4079.707	1.7925E-16	0
4081.241	1.5335E-16	0
4082.775	1.4221E-16	0
4084.310	1.5929E-16	0
4085.844	1.6491E-16	0
4087.378	1.3654E-16	0
4088.913	1.4264E-16	0
4090.447	1.6164E-16	0
4091.981	2.0548E-16	0
4093.516	3.0709E-16	0
4095.050	3.1707E-16	0
4096.584	3.2077E-16	0
4098.119	3.6723E-16	0
4099.653	3.7145E-16	0
4101.188	3.2603E-16	0
4102.722	3.4924E-16	0
4104.256	3.8391E-16	0
4105.791	3.7202E-16	0
4107.325	3.6501E-16	0
4108.859	3.5764E-16	0
4110.394	3.1333E-16	0
4111.928	2.9825E-16	0
4113.462	2.9099E-16	0
4114.996	2.9363E-16	0
4116.531	2.8483E-16	0
4118.065	2.7094E-16	0
4119.599	2.2546E-16	0
4121.134	2.4620E-16	0
4122.668	2.7337E-16	0
4124.202	2.8438E-16	0
4125.737	2.5001E-16	0
4127.271	2.0132E-16	0
4128.805	2.0844E-16	0
4130.339	2.5396E-16	0
4131.874	2.2698E-16	0
4133.408	2.1130E-16	0
4134.942	1.8718E-16	0
4136.477	2.0975E-16	0
4138.011	1.9343E-16	0
4139.545	1.9258E-16	0
4141.080	1.9041E-16	0
4142.614	1.9507E-16	0
4144.148	1.9282E-16	0
4145.683	1.8509E-16	0
4147.217	1.7703E-16	0
4148.751	1.8912E-16	0
4150.286	1.8460E-16	0
4151.820	1.6617E-16	0
4153.354	1.5345E-16	0
4154.889	1.9196E-16	0
4156.423	2.1008E-16	0
4157.958	1.9259E-16	0
4159.492	2.1662E-16	0
4161.026	1.9634E-16	0
4162.561	2.2530E-16	0
4164.095	2.7365E-16	0
4165.629	2.8195E-16	0
4167.164	2.9323E-16	0
4168.698	3.2462E-16	0
4170.232	3.3495E-16	0
4171.767	3.3610E-16	0
4173.301	3.1500E-16	0
4174.835	3.2884E-16	0
4176.369	3.4062E-16	0
4177.904	3.5644E-16	0
4179.438	3.2474E-16	0
4180.972	3.0141E-16	0
4182.507	2.9962E-16	0
4184.041	2.7777E-16	0
4185.575	2.5678E-16	0
4187.110	2.6212E-16	0
4188.644	2.3263E-16	0
4190.178	2.0915E-16	0
4191.712	1.9976E-16	0
4193.247	1.9678E-16	0
4194.781	1.7948E-16	0
4196.315	2.0530E-16	0
4197.850	1.9026E-16	0
4199.384	1.9320E-16	0
4200.918	1.6413E-16	0
4202.453	1.6463E-16	0
4203.987	1.6329E-16	0
4205.521	1.6305E-16	0
4207.056	1.7261E-16	0
4208.590	1.7122E-16	0
4210.125	1.6211E-16	0
4211.659	1.6441E-16	0
4213.193	1.2013E-16	0
4214.728	1.5618E-16	0
4216.262	1.8889E-16	0
4217.796	1.7621E-16	0
4219.331	1.7891E-16	0
4220.865	1.9769E-16	0
4222.399	2.1104E-16	0
4223.934	2.9222E-16	0
4225.468	3.1195E-16	0
4227.002	3.2304E-16	0
4228.537	3.4626E-16	0
4230.071	3.3203E-16	0
4231.605	3.4480E-16	0
4233.140	3.3060E-16	0
4234.674	3.0509E-16	0
4236.208	3.0165E-16	0
4237.743	3.3486E-16	0
4239.277	3.1417E-16	0
4240.811	3.0251E-16	0
4242.345	2.9369E-16	0
4243.880	2.6323E-16	0
4245.414	2.6266E-16	0
4246.948	2.5461E-16	0
4248.483	2.7244E-16	0
4250.017	2.5693E-16	0
4251.551	2.7243E-16	0
4253.086	2.6211E-16	0
4254.620	2.3148E-16	0
4256.154	2.5863E-16	0
4257.688	2.4237E-16	0
4259.223	2.5621E-16	0
4260.757	2.4839E-16	0
4262.292	2.5353E-16	0
4263.826	2.6413E-16	0
4265.360	2.6194E-16	0
4266.895	2.9108E-16	0
4268.429	3.0028E-16	0
4269.963	2.5851E-16	0
4271.498	2.4159E-16	0
4273.032	2.5323E-16	0
4274.566	2.6153E-16	0
4276.101	2.3448E-16	0
4277.635	2.1686E-16	0
4279.169	2.1062E-16	0
4280.704	2.2660E-16	0
4282.238	2.2298E-16	0
4283.772	2.3584E-16	0
4285.307	2.4729E-16	0
4286.841	2.4801E-16	0
4288.375	2.3613E-16	0
4289.910	2.2900E-16	0
4291.444	2.6367E-16	0
4292.978	2.9467E-16	0
4294.513	3.1709E-16	0
4296.047	3.1444E-16	0
4297.581	3.3284E-16	0
4299.116	3.1577E-16	0
4300.650	3.0182E-16	0
4302.184	2.7413E-16	0
4303.718	2.7837E-16	0
4305.253	2.9849E-16	0
4306.787	3.2975E-16	0
4308.321	2.8494E-16	0
4309.856	2.7162E-16	0
4311.390	2.7328E-16	0
4312.924	2.9578E-16	0
4314.459	2.6512E-16	0
4315.993	2.4220E-16	0
4317.527	2.5296E-16	0
4319.062	2.1566E-16	0
4320.596	2.4437E-16	0
4322.130	2.4598E-16	0
4323.665	1.8974E-16	0
4325.199	1.7396E-16	0
4326.733	2.0193E-16	0
4328.268	2.0553E-16	0
4329.802	2.7898E-16	0
4331.336	3.6304E-16	0
4332.871	4.2851E-16	0
4334.405	4.4357E-16	0
4335.939	4.8461E-16	0
4337.474	4.8174E-16	0
4339.008	4.5922E-16	0
4340.542	4.6548E-16	0
4342.077	5.5790E-16	0
4343.611	5.7066E-16	0
4345.146	5.7295E-16	0
4346.680	5.9754E-16	0
4348.214	5.6520E-16	0
4349.749	5.1350E-16	0
4351.283	5.0327E-16	0
4352.817	4.6791E-16	0
4354.351	4.0749E-16	0
4355.886	3.4588E-16	0
4357.420	3.5201E-16	0
4358.954	3.4404E-16	0
4360.489	2.4742E-16	0
4362.023	2.7538E-16	0
4363.557	2.6630E-16	0
4365.092	2.4015E-16	0
4366.626	2.6640E-16	0
4368.160	2.5463E-16	0
4369.694	3.0100E-16	0
4371.229	2.2531E-16	0
4372.763	2.3569E-16	0
4374.297	2.4184E-16	0
4375.832	2.4925E-16	0
4377.366	2.7548E-16	0
4378.900	2.8633E-16	0
4380.435	2.6080E-16	0
4381.969	2.4968E-16	0
4383.503	2.6892E-16	0
4385.038	2.3822E-16	0
4386.572	2.4787E-16	0
4388.106	2.5519E-16	0
4389.641	3.0114E-16	0
4391.175	2.9648E-16	0
4392.709	2.6818E-16	0
4394.244	2.7286E-16	0
4395.778	2.4296E-16	0
4397.312	2.6819E-16	0
4398.847	2.6669E-16	0
4400.381	2.7796E-16	0
4401.916	2.5909E-16	0
4403.450	2.3987E-16	0
4404.984	2.4186E-16	0
4406.519	2.5761E-16	0
4408.053	2.6931E-16	0
4409.587	2.7698E-16	0
4411.122	2.7709E-16	0
4412.656	2.5030E-16	0
4414.190	2.6587E-16	0
4415.724	2.7258E-16	0
4417.259	2.5630E-16	0
4418.793	2.6979E-16	0
4420.327	2.6565E-16	0
4421.862	2.4462E-16	0
4423.396	2.2039E-16	0
4424.930	1.9608E-16	0
4426.465	1.9335E-16	0
4427.999	1.7454E-16	0
4429.533	1.5933E-16	0
4431.067	1.3894E-16	0
4432.602	1.4262E-16	0
4434.136	1.7250E-16	0
4435.670	1.9300E-16	0
4437.205	1.9842E-16	0
4438.739	1.8539E-16	0
4440.273	2.1055E-16	0
4441.808	2.2061E-16	0
4443.342	2.0485E-16	0
4444.876	2.1111E-16	0
4446.411	2.2741E-16	0
4447.945	2.2063E-16	0
4449.479	2.0597E-16	0
4451.014	2.1439E-16	0
4452.548	2.1659E-16	0
4454.083	1.9662E-16	0
4455.617	1.8472E-16	0
4457.151	1.6145E-16	0
4458.686	1.8343E-16	0
4460.220	1.9920E-16	0
4461.754	2.1753E-16	0
4463.289	2.3586E-16	0
4464.823	2.3127E-16	0
4466.357	2.2523E-16	0
4467.892	2.3013E-16	0
4469.426	2.3447E-16	0
4470.960	2.4826E-16	0
4472.495	2.5505E-16	0
4474.029	2.3968E-16	0
4475.563	2.2193E-16	0
4477.098	2.3376E-16	0
4478.632	2.8433E-16	0
4480.166	2.8397E-16	0
4481.700	2.9246E-16	0
4483.235	3.0042E-16	0
4484.769	2.8501E-16	0
4486.303	2.4873E-16	0
4487.838	2.4700E-16	0
4489.372	2.4330E-16	0
4490.906	2.5094E-16	0
4492.441	2.9942E-16	0
4493.975	2.7341E-16	0
4495.509	2.4498E-16	0
4497.043	2.5340E-16	0
4498.578	3.0858E-16	0
4500.112	3.0696E-16	0
4501.646	2.8649E-16	0
4503.181	2.9654E-16	0
4504.715	3.1585E-16	0
4506.250	3.5523E-16	0
4507.784	3.5087E-16	0
4509.318	3.5718E-16	0
4510.853	3.5848E-16	0
4512.387	3.8451E-16	0
4513.921	4.2835E-16	0
4515.456	3.8544E-16	0
4516.990	3.8753E-16	0
4518.524	3.6810E-16	0
4520.059	3.4590E-16	0
4521.593	3.0328E-16	0
4523.127	3.1706E-16	0
4524.662	3.5469E-16	0
4526.196	3.2944E-16	0
4527.730	3.2902E-16	0
4529.265	3.3300E-16	0
4530.799	3.0432E-16	0
4532.333	3.1564E-16	0
4533.868	3.3874E-16	0
4535.402	2.9473E-16	0
4536.936	2.5137E-16	0
4538.471	2.5222E-16	0
4540.005	3.3023E-16	0
4541.539	3.4857E-16	0
4543.073	3.3079E-16	0
4544.608	3.4548E-16	0
4546.142	3.4751E-16	0
4547.676	3.7056E-16	0
4549.211	3.8758E-16	0
4550.745	3.6255E-16	0
4552.279	3.5374E-16	0
4553.814	3.7559E-16	0
4555.348	3.6086E-16	0
4556.882	3.6164E-16	0
4558.417	3.5544E-16	0
4559.951	2.8387E-16	0
4561.485	2.9135E-16	0
4563.020	3.1390E-16	0
4564.554	3.2618E-16	0
4566.088	3.2040E-16	0
4567.623	3.1995E-16	0
4569.157	3.1774E-16	0
4570.691	2.7379E-16	0
4572.226	3.0323E-16	0
4573.760	3.3454E-16	0
4575.294	3.8350E-16	0
4576.829	3.4348E-16	0
4578.363	3.4828E-16	0
4579.897	3.4597E-16	0
4581.432	3.5676E-16	0
4582.966	3.9111E-16	0
4584.500	3.5647E-16	0
4586.035	3.5478E-16	0
4587.569	3.6645E-16	0
4589.104	3.5805E-16	0
4590.638	3.6466E-16	0
4592.172	3.3796E-16	0
4593.706	2.8292E-16	0
4595.241	2.6748E-16	0
4596.775	2.4510E-16	0
4598.309	2.2124E-16	0
4599.844	1.7462E-16	0
4601.378	1.9807E-16	0
4602.912	1.8500E-16	0
4604.447	1.8022E-16	0
4605.981	1.7558E-16	0
4607.515	1.6710E-16	0
4609.049	1.7783E-16	0
4610.584	2.0712E-16	0
4612.118	2.1158E-16	0
4613.652	2.1285E-16	0
4615.187	2.1596E-16	0
4616.721	2.3231E-16	0
4618.255	2.6192E-16	0
4619.790	2.6740E-16	0
4621.324	2.8864E-16	0
4622.858	2.7562E-16	0
4624.393	2.7797E-16	0
4625.927	2.9366E-16	0
4627.461	2.8840E-16	0
4628.996	2.6587E-16	0
4630.530	2.5897E-16	0
4632.064	2.6599E-16	0
4633.599	2.7274E-16	0
4635.133	2.5864E-16	0
4636.667	2.3235E-16	0
4638.202	2.2808E-16	0
4639.736	2.3146E-16	0
4641.271	2.2488E-16	0
4642.805	1.9139E-16	0
4644.339	2.0314E-16	0
4645.874	1.9885E-16	0
4647.408	2.0581E-16	0
4648.942	1.9813E-16	0
4650.477	1.9144E-16	0
4652.011	1.8495E-16	0
4653.545	1.8649E-16	0
4655.079	1.6934E-16	0
4656.614	1.6517E-16	0
4658.148	1.7723E-16	0
4659.682	2.0904E-16	0
4661.217	2.0704E-16	0
4662.751	1.9189E-16	0
4664.285	2.0600E-16	0
4665.820	2.1392E-16	0
4667.354	1.9462E-16	0
4668.888	1.8323E-16	0
4670.423	1.7807E-16	0
4671.957	1.8040E-16	0
4673.491	1.8430E-16	0
4675.025	1.6943E-16	0
4676.560	1.6309E-16	0
4678.094	1.4994E-16	0
4679.628	1.4835E-16	0
4681.163	1.2478E-16	0
4682.697	1.2251E-16	0
4684.231	1.3555E-16	0
4685.766	1.2314E-16	0
4687.300	9.3421E-17	0
4688.834	1.1536E-16	0
4690.369	1.3247E-16	0
4691.903	1.4373E-16	0
4693.438	1.3168E-16	0
4694.972	1.4555E-16	0
4696.506	1.3284E-16	0
4698.041	1.3823E-16	0
4699.575	1.5592E-16	0
4701.109	1.4363E-16	0
4702.644	1.4524E-16	0
4704.178	1.6727E-16	0
4705.712	1.7062E-16	0
4707.247	1.6560E-16	0
4708.781	1.3423E-16	0
4710.315	1.2657E-16	0
4711.850	1.4290E-16	0
4713.384	1.5773E-16	0
4714.918	1.2798E-16	0
4716.453	1.1502E-16	0
4717.987	1.5035E-16	0
4719.521	1.5861E-16	0
4721.055	1.4933E-16	0
4722.590	1.4124E-16	0
4724.124	1.4981E-16	0
4725.658	1.5301E-16	0
4727.193	1.3952E-16	0
4728.727	1.6045E-16	0
4730.261	1.4755E-16	0
4731.796	1.7593E-16	0
4733.330	1.6885E-16	0
4734.864	1.6396E-16	0
4736.398	1.5036E-16	0
4737.933	1.5965E-16	0
4739.467	1.7618E-16	0
4741.001	1.6626E-16	0
4742.536	1.5560E-16	0
4744.070	1.5129E-16	0
4745.604	1.3700E-16	0
4747.139	1.4737E-16	0
4748.673	1.2541E-16	0
4750.208	1.2498E-16	0
4751.742	1.2756E-16	0
4753.276	1.5145E-16	0
4754.811	1.7634E-16	0
4756.345	1.5522E-16	0
4757.879	1.5320E-16	0
4759.414	1.3008E-16	0
4760.948	1.5124E-16	0
4762.482	1.4819E-16	0
4764.017	1.3504E-16	0
4765.551	1.5423E-16	0
4767.085	1.6365E-16	0
4768.620	1.4981E-16	0
4770.154	1.4242E-16	0
4771.688	1.5447E-16	0
4773.223	1.5152E-16	0
4774.757	1.3894E-16	0
4776.291	1.5123E-16	0
4777.826	1.5486E-16	0
4779.360	1.7281E-16	0
4780.894	1.6181E-16	0
4782.429	1.6557E-16	0
4783.963	1.7304E-16	0
4785.497	1.6037E-16	0
4787.031	1.6729E-16	0
4788.566	1.0663E-16	0
4790.100	1.3356E-16	0
4791.634	1.4041E-16	0
4793.169	1.3099E-16	0
4794.703	1.3840E-16	0
4796.237	1.6511E-16	0
4797.772	1.8096E-16	0
4799.306	1.6703E-16	0
4800.840	1.4965E-16	0
4802.375	1.6447E-16	0
4803.909	1.6152E-16	0
4805.443	1.6416E-16	0
4806.978	1.7378E-16	0
4808.512	1.5770E-16	0
4810.046	1.4335E-16	0
4811.581	1.4913E-16	0
4813.115	1.7617E-16	0
4814.649	1.9671E-16	0
4816.184	1.9371E-16	0
4817.718	1.7255E-16	0
4819.252	1.9216E-16	0
4820.787	1.9469E-16	0
4822.321	1.7137E-16	0
4823.855	1.7409E-16	0
4825.390	2.0215E-16	0
4826.924	1.6743E-16	0
4828.458	1.6696E-16	0
4829.993	1.8013E-16	0
4831.527	1.9751E-16	0
4833.061	2.0795E-16	0
4834.596	1.9611E-16	0
4836.130	2.2592E-16	0
4837.664	2.3033E-16	0
4839.199	2.5622E-16	0
4840.733	3.0268E-16	0
4842.267	3.3046E-16	0
4843.802	3.4787E-16	0
4845.336	3.9098E-16	0
4846.870	4.2463E-16	0
4848.404	5.5786E-16	0
4849.939	7.1606E-16	0
4851.473	8.6099E-16	0
4853.007	9.5661E-16	0
4854.542	1.0302E-15	0
4856.076	1.0633E-15	0
4857.610	1.0470E-15	0
4859.145	1.0000E-15	0
4860.679	9.1350E-16	0
4862.213	8.6257E-16	0
4863.748	8.5589E-16	0
4865.282	8.6833E-16	0
4866.816	8.5592E-16	0
4868.351	8.2035E-16	0
4869.885	7.3657E-16	0
4871.419	6.6839E-16	0
4872.954	5.8019E-16	0
4874.488	5.3353E-16	0
4876.022	5.0378E-16	0
4877.557	4.4898E-16	0
4879.091	4.0937E-16	0
4880.625	3.5228E-16	0
4882.160	3.1088E-16	0
4883.694	2.8435E-16	0
4885.229	2.4407E-16	0
4886.763	2.0574E-16	0
4888.297	1.9698E-16	0
4889.832	2.0138E-16	0
4891.366	2.2420E-16	0
4892.900	1.9369E-16	0
4894.435	1.6755E-16	0
4895.969	1.7743E-16	0
4897.503	1.6128E-16	0
4899.037	1.4916E-16	0
4900.572	1.6534E-16	0
4902.106	1.7585E-16	0
4903.640	1.6429E-16	0
4905.175	2.0837E-16	0
4906.709	2.2373E-16	0
4908.243	2.2366E-16	0
4909.778	2.1495E-16	0
4911.312	2.5067E-16	0
4912.846	3.0934E-16	0
4914.380	3.3795E-16	0
4915.915	3.7868E-16	0
4917.449	3.9621E-16	0
4918.983	4.4348E-16	0
4920.518	4.2759E-16	0
4922.052	3.8730E-16	0
4923.586	4.2719E-16	0
4925.121	4.2841E-16	0
4926.655	3.9876E-16	0
4928.189	3.6484E-16	0
4929.724	3.8835E-16	0
4931.258	3.7717E-16	0
4932.792	3.4225E-16	0
4934.327	3.1458E-16	0
4935.861	2.8581E-16	0
4937.396	2.6881E-16	0
4938.930	2.1891E-16	0
4940.464	2.0952E-16	0
4941.999	2.0166E-16	0
4943.533	2.0290E-16	0
4945.067	1.6623E-16	0
4946.602	1.7705E-16	0
4948.136	1.8097E-16	0
4949.670	1.6528E-16	0
4951.205	1.3381E-16	0
4952.739	1.2942E-16	0
4954.273	1.4978E-16	0
4955.808	1.5994E-16	0
4957.342	1.2282E-16	0
4958.876	1.1686E-16	0
4960.410	1.2231E-16	0
4961.945	1.3950E-16	0
4963.479	1.3927E-16	0
4965.013	1.1182E-16	0
4966.548	1.1260E-16	0
4968.082	1.1303E-16	0
4969.616	1.1762E-16	0
4971.151	1.1572E-16	0
4972.685	1.1156E-16	0
4974.219	1.0235E-16	0
4975.753	1.1086E-16	0
4977.288	9.9103E-17	0
4978.822	1.2618E-16	0
4980.356	1.1950E-16	0
4981.891	1.1892E-16	0
4983.425	1.2448E-16	0
4984.959	1.2900E-16	0
4986.494	1.4269E-16	0
4988.028	1.5341E-16	0
4989.562	1.7413E-16	0
4991.097	1.4292E-16	0
4992.631	1.5222E-16	0
4994.166	1.3824E-16	0
4995.700	1.7122E-16	0
4997.234	1.6852E-16	0
4998.769	1.8022E-16	0
5000.303	2.1381E-16	0
5001.837	1.9201E-16	0
5003.372	2.2005E-16	0
5004.906	2.4409E-16	0
5006.440	3.0207E-16	0
5007.975	3.8416E-16	0
5009.509	3.9954E-16	0
5011.043	4.0138E-16	0
5012.578	4.2355E-16	0
5014.112	4.3245E-16	0
5015.646	4.1313E-16	0
5017.181	3.8675E-16	0
5018.715	3.8677E-16	0
5020.249	4.1977E-16	0
5021.784	4.0289E-16	0
5023.318	4.0748E-16	0
5024.852	3.7818E-16	0
5026.386	3.6792E-16	0
5027.921	3.6905E-16	0
5029.455	3.4208E-16	0
5030.989	3.0511E-16	0
5032.524	2.8978E-16	0
5034.058	2.5977E-16	0
5035.592	2.6497E-16	0
5037.127	2.4032E-16	0
5038.661	2.3422E-16	0
5040.195	2.2101E-16	0
5041.729	2.0281E-16	0
5043.264	1.9501E-16	0
5044.798	2.0505E-16	0
5046.333	1.9450E-16	0
5047.867	1.8366E-16	0
5049.401	1.8856E-16	0
5050.936	1.7997E-16	0
5052.470	1.8848E-16	0
5054.004	1.5780E-16	0
5055.539	1.8155E-16	0
5057.073	1.7170E-16	0
5058.607	1.6487E-16	0
5060.142	1.5259E-16	0
5061.676	1.6570E-16	0
5063.210	1.7511E-16	0
5064.745	1.6469E-16	0
5066.279	1.4291E-16	0
5067.813	1.3639E-16	0
5069.348	1.4930E-16	0
5070.882	1.4556E-16	0
5072.416	1.6054E-16	0
5073.951	1.4389E-16	0
5075.485	1.2937E-16	0
5077.019	1.4136E-16	0
5078.554	1.3111E-16	0
5080.088	1.2999E-16	0
5081.622	1.2672E-16	0
5083.157	1.3842E-16	0
5084.691	1.2510E-16	0
5086.225	1.0942E-16	0
5087.759	1.5057E-16	0
5089.294	1.4297E-16	0
5090.828	1.1566E-16	0
5092.362	1.2374E-16	0
5093.897	1.2372E-16	0
5095.431	1.3180E-16	0
5096.965	1.2335E-16	0
5098.500	1.3706E-16	0
5100.034	1.3824E-16	0
5101.568	1.2666E-16	0
5103.103	1.3523E-16	0
5104.637	1.3142E-16	0
5106.171	1.1991E-16	0
5107.706	1.3887E-16	0
5109.240	1.3049E-16	0
5110.774	1.1210E-16	0
5112.309	1.1374E-16	0
5113.843	1.1975E-16	0
5115.377	1.1072E-16	0
5116.912	1.3225E-16	0
5118.446	1.3073E-16	0
5119.980	1.4493E-16	0
5121.515	1.4918E-16	0
5123.049	1.6334E-16	0
5124.583	1.3533E-16	0
5126.118	1.4626E-16	0
5127.652	1.5057E-16	0
5129.187	1.5848E-16	0
5130.721	1.6707E-16	0
5132.255	1.4216E-16	0
5133.790	1.6839E-16	0
5135.324	1.8243E-16	0
5136.858	1.6071E-16	0
5138.392	1.7362E-16	0
5139.927	1.7918E-16	0
5141.461	1.7462E-16	0
5142.995	1.8132E-16	0
5144.530	1.4714E-16	0
5146.064	1.6633E-16	0
5147.598	1.9068E-16	0
5149.133	1.9144E-16	0
5150.667	2.1075E-16	0
5152.201	2.2107E-16	0
5153.735	2.0721E-16	0
5155.270	2.3699E-16	0
5156.804	2.9833E-16	0
5158.338	3.2481E-16	0
5159.873	3.8222E-16	0
5161.407	4.0856E-16	0
5162.941	4.0178E-16	0
5164.476	3.9563E-16	0
5166.010	3.9566E-16	0
5167.544	3.8547E-16	0
5169.079	3.7564E-16	0
5170.613	3.9480E-16	0
5172.147	3.6532E-16	0
5173.682	3.4250E-16	0
5175.216	3.7264E-16	0
5176.750	3.6568E-16	0
5178.285	3.7069E-16	0
5179.819	3.4888E-16	0
5181.354	3.6316E-16	0
5182.888	3.3423E-16	0
5184.422	3.3181E-16	0
5185.957	3.2599E-16	0
5187.491	3.0524E-16	0
5189.025	3.6014E-16	0
5190.560	3.2425E-16	0
5192.094	2.7867E-16	0
5193.628	3.1847E-16	0
5195.163	2.9729E-16	0
5196.697	2.5775E-16	0
5198.231	2.5590E-16	0
5199.765	2.5602E-16	0
5201.300	2.6217E-16	0
5202.834	2.2051E-16	0
5204.368	1.9963E-16	0
5205.903	2.1124E-16	0
5207.437	1.8376E-16	0
5208.971	1.6970E-16	0
5210.506	1.7320E-16	0
5212.040	1.3427E-16	0
5213.574	1.3606E-16	0
5215.108	1.5328E-16	0
5216.643	1.9187E-16	0
5218.177	1.8333E-16	0
5219.711	1.6703E-16	0
5221.246	1.9204E-16	0
5222.780	2.1724E-16	0
5224.314	2.4548E-16	0
5225.849	2.5367E-16	0
5227.383	2.3481E-16	0
5228.917	2.4568E-16	0
5230.452	2.5316E-16	0
5231.986	2.4380E-16	0
5233.521	2.4179E-16	0
5235.055	2.2100E-16	0
5236.589	2.1790E-16	0
5238.124	2.3142E-16	0
5239.658	2.0299E-16	0
5241.192	2.2237E-16	0
5242.727	2.2194E-16	0
5244.261	2.3162E-16	0
5245.795	2.0809E-16	0
5247.330	2.0146E-16	0
5248.864	1.7339E-16	0
5250.398	1.7531E-16	0
5251.933	1.7244E-16	0
5253.467	1.7079E-16	0
5255.001	1.7725E-16	0
5256.536	1.4866E-16	0
5258.070	1.7963E-16	0
5259.604	1.9311E-16	0
5261.139	2.1851E-16	0
5262.673	1.9593E-16	0
5264.207	2.5470E-16	0
5265.741	2.4848E-16	0
5267.276	2.6758E-16	0
5268.810	2.9030E-16	0
5270.344	3.0326E-16	0
5271.879	2.6526E-16	0
5273.413	2.7352E-16	0
5274.947	2.9109E-16	0
5276.482	2.7533E-16	0
5278.016	2.5899E-16	0
5279.550	2.6078E-16	0
5281.084	2.8294E-16	0
5282.619	2.5571E-16	0
5284.153	2.5883E-16	0
5285.688	2.3040E-16	0
5287.222	2.3676E-16	0
5288.756	2.0772E-16	0
5290.291	1.8965E-16	0
5291.825	1.8394E-16	0
5293.359	1.3802E-16	0
5294.894	1.4105E-16	0
5296.428	1.4427E-16	0
5297.962	1.7888E-16	0
5299.497	1.8379E-16	0
5301.031	1.9459E-16	0
5302.565	2.0655E-16	0
5304.100	2.3634E-16	0
5305.634	2.6939E-16	0
5307.168	2.7688E-16	0
5308.703	2.8939E-16	0
5310.237	2.6046E-16	0
5311.771	2.8351E-16	0
5313.306	2.6136E-16	0
5314.840	2.9740E-16	0
5316.374	2.8131E-16	0
5317.909	2.7719E-16	0
5319.443	2.9667E-16	0
5320.977	2.9995E-16	0
5322.512	3.1418E-16	0
5324.046	2.8280E-16	0
5325.580	2.8797E-16	0
5327.114	2.7063E-16	0
5328.649	2.5653E-16	0
5330.183	2.5743E-16	0
5331.717	2.0135E-16	0
5333.252	2.0433E-16	0
5334.786	2.3994E-16	0
5336.320	2.1808E-16	0
5337.855	1.9796E-16	0
5339.389	1.6829E-16	0
5340.923	1.8999E-16	0
5342.458	1.9100E-16	0
5343.992	1.8007E-16	0
5345.526	1.7172E-16	0
5347.061	1.4001E-16	0
5348.595	1.5357E-16	0
5350.129	1.7315E-16	0
5351.664	1.8313E-16	0
5353.198	2.0110E-16	0
5354.732	2.1846E-16	0
5356.267	1.7734E-16	0
5357.801	1.8696E-16	0
5359.335	1.9262E-16	0
5360.870	2.0513E-16	0
5362.404	2.0931E-16	0
5363.938	2.0525E-16	0
5365.473	1.6455E-16	0
5367.007	1.4967E-16	0
5368.542	1.6864E-16	0
5370.076	1.9487E-16	0
5371.610	1.8077E-16	0
5373.145	1.7376E-16	0
5374.679	1.7754E-16	0
5376.213	1.5050E-16	0
5377.747	2.0514E-16	0
5379.282	1.5451E-16	0
5380.816	1.3896E-16	0
5382.350	1.7680E-16	0
5383.885	1.4348E-16	0
5385.419	1.5813E-16	0
5386.953	1.6197E-16	0
5388.488	1.5845E-16	0
5390.022	1.3972E-16	0
5391.556	1.1745E-16	0
5393.090	1.3589E-16	0
5394.625	1.3099E-16	0
5396.159	1.4107E-16	0
5397.693	1.3385E-16	0
5399.228	1.4631E-16	0
5400.762	1.4401E-16	0
5402.296	1.4535E-16	0
5403.831	1.2126E-16	0
5405.365	1.1830E-16	0
5406.899	1.6557E-16	0
5408.434	2.0038E-16	0
5409.968	1.7383E-16	0
5411.502	1.7763E-16	0
5413.037	1.7220E-16	0
5414.571	1.6644E-16	0
5416.105	1.4268E-16	0
5417.640	1.4285E-16	0
5419.174	1.9329E-16	0
5420.708	1.9498E-16	0
5422.243	1.8624E-16	0
5423.777	1.6488E-16	0
5425.312	1.5213E-16	0
5426.846	1.8118E-16	0
5428.380	1.7585E-16	0
5429.915	1.9790E-16	0
5431.449	1.4129E-16	0
5432.983	1.3330E-16	0
5434.518	1.3617E-16	0
5436.052	1.3786E-16	0
5437.586	1.6019E-16	0
5439.120	1.5996E-16	0
5440.655	1.8698E-16	0
5442.189	1.5587E-16	0
5443.723	1.6341E-16	0
5445.258	1.6901E-16	0
5446.792	1.2150E-16	0
5448.326	1.6363E-16	0
5449.861	1.6149E-16	0
5451.395	1.3134E-16	0
5452.929	1.5907E-16	0
5454.463	9.7736E-17	0
5455.998	9.6012E-17	0
5457.532	1.3636E-16	0
5459.066	1.4808E-16	0
5460.601	1.2804E-16	0
5462.135	1.2808E-16	0
5463.669	1.2536E-16	0
5465.204	1.3865E-16	0
5466.738	1.2010E-16	0
5468.272	1.3195E-16	0
5469.807	1.1506E-16	0
5471.341	1.3108E-16	0
5472.875	1.6473E-16	0
5474.410	9.8300E-17	0
5475.944	1.5016E-16	0
5477.479	1.4819E-16	0
5479.013	1.1765E-16	0
5480.547	1.5767E-16	0
5482.082	1.5422E-16	0
5483.616	1.8419E-16	0
5485.150	1.1214E-16	0
5486.685	1.9243E-16	0
5488.219	1.6202E-16	0
5489.753	1.5440E-16	0
5491.288	1.8375E-16	0
5492.822	1.3994E-16	0
5494.356	1.1518E-16	0
5495.891	1.6446E-16	0
5497.425	1.4411E-16	0
5498.959	1.3435E-16	0
5500.494	1.5937E-16	0
5502.028	1.4597E-16	0
5503.562	1.3723E-16	0
5505.096	1.4613E-16	0
5506.631	1.5120E-16	0
5508.165	1.4175E-16	0
5509.699	1.4534E-16	0
5511.234	1.4940E-16	0
5512.768	1.6751E-16	0
5514.302	1.7328E-16	0
5515.837	1.5841E-16	0
5517.371	1.6903E-16	0
5518.905	1.7702E-16	0
5520.439	2.0079E-16	0
5521.974	1.9929E-16	0
5523.508	1.9073E-16	0
5525.042	1.8928E-16	0
5526.577	1.8901E-16	0
5528.111	2.0849E-16	0
5529.646	2.0360E-16	0
5531.180	1.9788E-16	0
5532.714	1.7997E-16	0
5534.249	1.8218E-16	0
5535.783	1.8821E-16	0
5537.317	1.9015E-16	0
5538.852	1.7181E-16	0
5540.386	1.6851E-16	0
5541.920	1.6420E-16	0
5543.455	1.5283E-16	0
5544.989	1.5864E-16	0
5546.523	1.6846E-16	0
5548.058	1.6174E-16	0
5549.592	1.8146E-16	0
5551.126	1.6857E-16	0
5552.661	1.6233E-16	0
5554.195	1.6897E-16	0
5555.729	1.6918E-16	0
5557.264	1.6839E-16	0
5558.798	1.7452E-16	0
5560.332	1.7766E-16	0
5561.867	1.9145E-16	0
5563.401	2.0025E-16	0
5564.935	1.8214E-16	0
5566.469	1.8438E-16	0
5568.004	2.0583E-16	0
5569.538	2.0733E-16	0
5571.072	2.0202E-16	0
5572.607	1.9336E-16	0
5574.141	1.9477E-16	0
5575.675	1.5720E-16	0
5577.210	1.9545E-16	0
5578.744	2.1089E-16	0
5580.278	1.8247E-16	0
5581.813	1.7976E-16	0
5583.347	1.6363E-16	0
5584.881	1.4931E-16	0
5586.416	1.4152E-16	0
5587.950	1.5204E-16	0
5589.484	1.4567E-16	0
5591.019	1.5003E-16	0
5592.553	1.4296E-16	0
5594.087	1.1993E-16	0
5595.622	1.2991E-16	0
5597.156	1.3557E-16	0
5598.690	1.3613E-16	0
5600.225	1.3573E-16	0
5601.759	1.3560E-16	0
5603.293	1.3125E-16	0
5604.828	1.2858E-16	0
5606.362	1.4852E-16	0
5607.896	1.3565E-16	0
5609.431	1.0450E-16	0
5610.965	1.2575E-16	0
5612.500	1.2124E-16	0
5614.034	1.1228E-16	0
5615.568	1.1411E-16	0
5617.102	1.1837E-16	0
5618.637	1.1892E-16	0
5620.171	1.1884E-16	0
5621.705	1.3605E-16	0
5623.240	1.3229E-16	0
5624.774	1.2593E-16	0
5626.308	1.4050E-16	0
5627.843	1.4180E-16	0
5629.377	1.2356E-16	0
5630.911	1.1685E-16	0
5632.445	1.2181E-16	0
5633.980	1.2852E-16	0
5635.514	1.2294E-16	0
5637.048	1.0649E-16	0
5638.583	1.1019E-16	0
5640.117	1.1628E-16	0
5641.651	1.1489E-16	0
5643.186	1.0942E-16	0
5644.720	1.1392E-16	0
5646.254	1.3111E-16	0
5647.789	1.2702E-16	0
5649.323	1.3313E-16	0
5650.857	1.4275E-16	0
5652.392	1.3264E-16	0
5653.926	1.5259E-16	0
5655.460	1.6114E-16	0
5656.995	1.5499E-16	0
5658.529	1.5944E-16	0
5660.063	1.6194E-16	0
5661.598	1.6863E-16	0
5663.132	1.6376E-16	0
5664.667	1.5581E-16	0
5666.201	1.4774E-16	0
5667.735	1.6479E-16	0
5669.270	1.7732E-16	0
5670.804	1.6218E-16	0
5672.338	1.6050E-16	0
5673.873	1.6866E-16	0
5675.407	1.6055E-16	0
5676.941	1.5649E-16	0
5678.475	1.7423E-16	0
5680.010	1.7976E-16	0
5681.544	1.5397E-16	0
5683.078	1.6833E-16	0
5684.613	1.7467E-16	0
5686.147	1.4669E-16	0
5687.681	1.6008E-16	0
5689.216	1.6970E-16	0
5690.750	1.6527E-16	0
5692.284	1.5419E-16	0
5693.818	1.4353E-16	0
5695.353	1.4528E-16	0
5696.887	1.4604E-16	0
5698.421	1.3721E-16	0
5699.956	1.4862E-16	0
5701.490	1.4688E-16	0
5703.024	1.3714E-16	0
5704.559	1.4238E-16	0
5706.093	1.3439E-16	0
5707.627	1.4206E-16	0
5709.162	1.5520E-16	0
5710.696	1.5250E-16	0
5712.230	1.5077E-16	0
5713.765	1.5588E-16	0
5715.299	1.4584E-16	0
5716.833	1.3811E-16	0
5718.368	1.4760E-16	0
5719.902	1.5221E-16	0
5721.437	1.4650E-16	0
5722.971	1.4587E-16	0
5724.505	1.4623E-16	0
5726.040	1.5773E-16	0
5727.574	1.6234E-16	0
5729.108	1.4848E-16	0
5730.643	1.4673E-16	0
5732.177	1.4238E-16	0
5733.711	1.3864E-16	0
5735.246	1.4286E-16	0
5736.780	1.5147E-16	0
5738.314	1.5585E-16	0
5739.849	1.5656E-16	0
5741.383	1.6119E-16	0
5742.917	1.5875E-16	0
5744.451	1.6261E-16	0
5745.986	1.7091E-16	0
5747.520	1.6430E-16	0
5749.054	1.5490E-16	0
5750.589	1.5432E-16	0
5752.123	1.6061E-16	0
5753.657	1.5478E-16	0
5755.192	1.4616E-16	0
5756.726	1.5357E-16	0
5758.260	1.5045E-16	0
5759.794	1.3917E-16	0
5761.329	1.5124E-16	0
5762.863	1.5790E-16	0
5764.397	1.4398E-16	0
5765.932	1.4752E-16	0
5767.466	1.6083E-16	0
5769.000	1.5380E-16	0
5770.535	1.4047E-16	0
5772.069	1.3740E-16	0
5773.604	1.2852E-16	0
5775.138	1.2023E-16	0
5776.672	1.2267E-16	0
5778.207	1.2445E-16	0
5779.741	1.2969E-16	0
5781.275	1.3493E-16	0
5782.810	1.2645E-16	0
5784.344	1.2030E-16	0
5785.878	1.2447E-16	0
5787.413	1.2427E-16	0
5788.947	1.1346E-16	0
5790.481	1.0857E-16	0
5792.016	1.2952E-16	0
5793.550	1.4168E-16	0
5795.084	1.4047E-16	0
5796.619	1.3715E-16	0
5798.153	1.2988E-16	0
5799.687	1.3486E-16	0
5801.222	1.4391E-16	0
5802.756	1.3510E-16	0
5804.290	1.3044E-16	0
5805.824	1.3320E-16	0
5807.359	1.2713E-16	0
5808.893	1.2516E-16	0
5810.427	1.3656E-16	0
5811.962	1.4066E-16	0
5813.496	1.3471E-16	0
5815.030	1.3668E-16	0
5816.565	1.3952E-16	0
5818.099	1.4142E-16	0
5819.633	1.3555E-16	0
5821.168	1.2648E-16	0
5822.702	1.2854E-16	0
5824.236	1.2207E-16	0
5825.771	1.2762E-16	0
5827.305	1.3549E-16	0
5828.839	1.1751E-16	0
5830.374	1.0912E-16	0
5831.908	1.2012E-16	0
5833.442	1.3232E-16	0
5834.977	1.2354E-16	0
5836.511	1.1141E-16	0
5838.045	1.2141E-16	0
5839.580	1.2483E-16	0
5841.114	1.1710E-16	0
5842.648	1.3082E-16	0
5844.183	1.4199E-16	0
5845.717	1.2868E-16	0
5847.251	1.2861E-16	0
5848.786	1.3671E-16	0
5850.320	1.2932E-16	0
5851.854	1.1614E-16	0
5853.389	1.1916E-16	0
5854.923	1.1932E-16	0
5856.457	1.1598E-16	0
5857.992	1.2812E-16	0
5859.526	1.3878E-16	0
5861.060	1.3126E-16	0
5862.595	1.2808E-16	0
5864.129	1.2761E-16	0
5865.663	1.2355E-16	0
5867.198	1.3319E-16	0
5868.732	1.2841E-16	0
5870.266	1.1486E-16	0
5871.800	1.3509E-16	0
5873.335	1.4826E-16	0
5874.869	1.5446E-16	0
5876.403	1.6680E-16	0
5877.938	1.7959E-16	0
5879.472	1.9551E-16	0
5881.006	2.0237E-16	0
5882.541	2.1825E-16	0
5884.075	2.2814E-16	0
5885.609	2.3389E-16	0
5887.144	2.3237E-16	0
5888.678	2.3483E-16	0
5890.212	2.5785E-16	0
5891.747	2.5139E-16	0
5893.281	2.2235E-16	0
5894.815	2.1834E-16	0
5896.350	2.3825E-16	0
5897.884	2.4302E-16	0
5899.418	2.2713E-16	0
5900.953	2.2061E-16	0
5902.487	2.1643E-16	0
5904.021	2.0306E-16	0
5905.556	1.8126E-16	0
5907.090	1.6713E-16	0
5908.625	1.6421E-16	0
5910.159	1.5765E-16	0
5911.693	1.5428E-16	0
5913.228	1.6724E-16	0
5914.762	1.6149E-16	0
5916.296	1.5719E-16	0
5917.830	1.5276E-16	0
5919.365	1.4962E-16	0
5920.899	1.4775E-16	0
5922.433	1.4267E-16	0
5923.968	1.3510E-16	0
5925.502	1.4301E-16	0
5927.036	1.4838E-16	0
5928.571	1.4503E-16	0
5930.105	1.5411E-16	0
5931.639	1.6195E-16	0
5933.174	1.5481E-16	0
5934.708	1.4891E-16	0
5936.242	1.5300E-16	0
5937.776	1.5070E-16	0
5939.311	1.5016E-16	0
5940.845	1.5566E-16	0
5942.379	1.6036E-16	0
5943.914	1.6488E-16	0
5945.448	1.6550E-16	0
5946.982	1.5885E-16	0
5948.517	1.4543E-16	0
5950.051	1.3948E-16	0
5951.585	1.4677E-16	0
5953.120	1.4925E-16	0
5954.654	1.3572E-16	0
5956.188	1.3513E-16	0
5957.723	1.4563E-16	0
5959.257	1.4411E-16	0
5960.792	1.3684E-16	0
5962.326	1.3110E-16	0
5963.860	1.4126E-16	0
5965.395	1.5062E-16	0
5966.929	1.4960E-16	0
5968.463	1.4695E-16	0
5969.998	1.3794E-16	0
5971.532	1.3394E-16	0
5973.066	1.5830E-16	0
5974.601	1.7023E-16	0
5976.135	1.5875E-16	0
5977.669	1.5111E-16	0
5979.204	1.4984E-16	0
5980.738	1.5301E-16	0
5982.272	1.5572E-16	0
5983.806	1.6021E-16	0
5985.341	1.6348E-16	0
5986.875	1.5418E-16	0
5988.409	1.5883E-16	0
5989.944	1.6840E-16	0
5991.478	1.6710E-16	0
5993.012	1.6546E-16	0
5994.547	1.5742E-16	0
5996.081	1.5510E-16	0
5997.615	1.5109E-16	0
5999.149	1.4129E-16	0
6000.684	1.3570E-16	0
6002.218	1.3680E-16	0
6003.752	1.3770E-16	0
6005.287	1.2547E-16	0
6006.821	1.2631E-16	0
6008.355	1.4236E-16	0
6009.890	1.4813E-16	0
6011.424	1.5273E-16	0
6012.958	1.4755E-16	0
6014.493	1.3259E-16	0
6016.027	1.3654E-16	0
6017.562	1.4888E-16	0
6019.096	1.4086E-16	0
6020.630	1.2577E-16	0
6022.165	1.2938E-16	0
6023.699	1.2938E-16	0
6025.233	1.1167E-16	0
6026.768	1.1686E-16	0
6028.302	1.2400E-16	0
6029.836	1.1734E-16	0
6031.371	1.1305E-16	0
6032.905	1.1810E-16	0
6034.439	1.3122E-16	0
6035.974	1.3552E-16	0
6037.508	1.2489E-16	0
6039.042	1.1577E-16	0
6040.577	1.3104E-16	0
6042.111	1.4264E-16	0
6043.645	1.3216E-16	0
6045.180	1.2570E-16	0
6046.714	1.3401E-16	0
6048.248	1.2844E-16	0
6049.782	1.2690E-16	0
6051.317	1.2989E-16	0
6052.851	1.3024E-16	0
6054.385	1.2091E-16	0
6055.920	1.2978E-16	0
6057.454	1.4203E-16	0
6058.988	1.2076E-16	0
6060.523	1.2124E-16	0
6062.057	1.4605E-16	0
6063.591	1.3848E-16	0
6065.125	1.2783E-16	0
6066.660	1.3509E-16	0
6068.194	1.2760E-16	0
6069.729	1.2863E-16	0
6071.263	1.3839E-16	0
6072.797	1.4513E-16	0
6074.332	1.4791E-16	0
6075.866	1.4551E-16	0
6077.400	1.3934E-16	0
6078.935	1.4038E-16	0
6080.469	1.3864E-16	0
6082.003	1.3955E-16	0
6083.538	1.3889E-16	0
6085.072	1.3636E-16	0
6086.606	1.3789E-16	0
6088.141	1.3741E-16	0
6089.675	1.4267E-16	0
6091.209	1.3816E-16	0
6092.744	1.3605E-16	0
6094.278	1.4481E-16	0
6095.812	1.4049E-16	0
6097.347	1.2553E-16	0
6098.881	1.3822E-16	0
6100.415	1.4709E-16	0
6101.950	1.4400E-16	0
6103.484	1.4369E-16	0
6105.018	1.3964E-16	0
6106.553	1.4998E-16	0
6108.087	1.4478E-16	0
6109.621	1.3608E-16	0
6111.155	1.3418E-16	0
6112.690	1.3266E-16	0
6114.224	1.4020E-16	0
6115.758	1.5086E-16	0
6117.293	1.4408E-16	0
6118.827	1.4051E-16	0
6120.361	1.5175E-16	0
6121.896	1.3944E-16	0
6123.430	1.2011E-16	0
6124.964	1.2327E-16	0
6126.499	1.4097E-16	0
6128.033	1.5068E-16	0
6129.567	1.5778E-16	0
6131.102	1.5850E-16	0
6132.636	1.5862E-16	0
6134.170	1.6638E-16	0
6135.705	1.6897E-16	0
6137.239	1.7807E-16	0
6138.773	1.9421E-16	0
6140.308	1.9954E-16	0
6141.842	1.9343E-16	0
6143.376	1.9691E-16	0
6144.911	2.0559E-16	0
6146.445	1.9990E-16	0
6147.979	2.0005E-16	0
6149.514	2.0395E-16	0
6151.048	2.0100E-16	0
6152.583	1.9283E-16	0
6154.117	1.9643E-16	0
6155.651	1.9454E-16	0
6157.186	1.8301E-16	0
6158.720	1.8274E-16	0
6160.254	1.8208E-16	0
6161.788	1.8481E-16	0
6163.323	1.8664E-16	0
6164.857	1.8315E-16	0
6166.391	1.7828E-16	0
6167.926	1.6750E-16	0
6169.460	1.6071E-16	0
6170.994	1.5978E-16	0
6172.529	1.6243E-16	0
6174.063	1.5703E-16	0
6175.597	1.5691E-16	0
6177.131	1.6692E-16	0
6178.666	1.7478E-16	0
6180.200	1.5357E-16	0
6181.734	1.2604E-16	0
6183.269	1.3158E-16	0
6184.803	1.3770E-16	0
6186.337	1.3294E-16	0
6187.872	1.3371E-16	0
6189.406	1.4015E-16	0
6190.940	1.3423E-16	0
6192.475	1.2503E-16	0
6194.009	1.2222E-16	0
6195.543	1.2483E-16	0
6197.078	1.4026E-16	0
6198.612	1.3578E-16	0
6200.146	1.1017E-16	0
6201.681	1.0606E-16	0
6203.215	1.1303E-16	0
6204.750	1.1206E-16	0
6206.284	1.2100E-16	0
6207.818	1.3525E-16	0
6209.353	1.3552E-16	0
6210.887	1.3885E-16	0
6212.421	1.2886E-16	0
6213.956	1.1382E-16	0
6215.490	1.2107E-16	0
6217.024	1.3129E-16	0
6218.559	1.4116E-16	0
6220.093	1.5620E-16	0
6221.627	1.5910E-16	0
6223.161	1.6102E-16	0
6224.696	1.7544E-16	0
6226.230	1.9467E-16	0
6227.764	2.0003E-16	0
6229.299	1.9105E-16	0
6230.833	1.9859E-16	0
6232.367	2.1613E-16	0
6233.902	2.1268E-16	0
6235.436	2.1240E-16	0
6236.970	2.1814E-16	0
6238.504	2.0987E-16	0
6240.039	2.0837E-16	0
6241.573	2.2281E-16	0
6243.107	2.2761E-16	0
6244.642	2.1414E-16	0
6246.176	2.0251E-16	0
6247.710	1.9960E-16	0
6249.245	1.9706E-16	0
6250.779	1.9180E-16	0
6252.313	1.8085E-16	0
6253.848	1.6938E-16	0
6255.382	1.6038E-16	0
6256.917	1.4553E-16	0
6258.451	1.3189E-16	0
6259.985	1.3682E-16	0
6261.520	1.4659E-16	0
6263.054	1.4715E-16	0
6264.588	1.4497E-16	0
6266.123	1.3551E-16	0
6267.657	1.3865E-16	0
6269.191	1.5258E-16	0
6270.726	1.3949E-16	0
6272.260	1.2311E-16	0
6273.794	1.3115E-16	0
6275.329	1.4372E-16	0
6276.863	1.3301E-16	0
6278.397	1.3199E-16	0
6279.932	1.5900E-16	0
6281.466	1.7847E-16	0
6283.000	1.8722E-16	0
6284.535	1.8962E-16	0
6286.069	1.8716E-16	0
6287.603	1.9461E-16	0
6289.137	2.0645E-16	0
6290.672	2.0005E-16	0
6292.206	1.9888E-16	0
6293.740	2.1580E-16	0
6295.275	2.1086E-16	0
6296.809	1.9124E-16	0
6298.343	1.9786E-16	0
6299.878	2.0023E-16	0
6301.412	2.1101E-16	0
6302.946	2.0875E-16	0
6304.480	1.9091E-16	0
6306.015	1.8353E-16	0
6307.549	1.6597E-16	0
6309.083	1.5755E-16	0
6310.618	1.5022E-16	0
6312.152	1.4392E-16	0
6313.687	1.4841E-16	0
6315.221	1.3744E-16	0
6316.755	1.3185E-16	0
6318.290	1.3642E-16	0
6319.824	1.2896E-16	0
6321.358	1.3252E-16	0
6322.893	1.3706E-16	0
6324.427	1.2799E-16	0
6325.961	1.2437E-16	0
6327.496	1.2193E-16	0
6329.030	1.2488E-16	0
6330.564	1.3448E-16	0
6332.099	1.3213E-16	0
6333.633	1.3232E-16	0
6335.167	1.4438E-16	0
6336.702	1.5334E-16	0
6338.236	1.5361E-16	0
6339.770	1.4104E-16	0
6341.305	1.3210E-16	0
6342.839	1.4325E-16	0
6344.373	1.5265E-16	0
6345.908	1.4926E-16	0
6347.442	1.4961E-16	0
6348.976	1.5453E-16	0
6350.510	1.5723E-16	0
6352.045	1.6395E-16	0
6353.579	1.6802E-16	0
6355.113	1.6365E-16	0
6356.648	1.6519E-16	0
6358.182	1.6935E-16	0
6359.716	1.5848E-16	0
6361.251	1.5638E-16	0
6362.785	1.5954E-16	0
6364.319	1.4756E-16	0
6365.854	1.4730E-16	0
6367.388	1.5806E-16	0
6368.922	1.6019E-16	0
6370.457	1.5408E-16	0
6371.991	1.5320E-16	0
6373.525	1.4846E-16	0
6375.060	1.4390E-16	0
6376.594	1.5014E-16	0
6378.128	1.5518E-16	0
6379.663	1.3910E-16	0
6381.197	1.2629E-16	0
6382.731	1.3683E-16	0
6384.266	1.4783E-16	0
6385.800	1.4108E-16	0
6387.334	1.4542E-16	0
6388.869	1.4692E-16	0
6390.403	1.3922E-16	0
6391.938	1.3783E-16	0
6393.472	1.3195E-16	0
6395.006	1.4094E-16	0
6396.541	1.5043E-16	0
6398.075	1.5242E-16	0
6399.609	1.5424E-16	0
6401.143	1.4665E-16	0
6402.678	1.4127E-16	0
6404.212	1.4671E-16	0
6405.746	1.4955E-16	0
6407.281	1.5197E-16	0
6408.815	1.5365E-16	0
6410.349	1.5892E-16	0
6411.884	1.6415E-16	0
6413.418	1.7255E-16	0
6414.952	1.7699E-16	0
6416.486	1.8027E-16	0
6418.021	1.7517E-16	0
6419.555	1.6418E-16	0
6421.089	1.5591E-16	0
6422.624	1.5374E-16	0
6424.158	1.6089E-16	0
6425.692	1.7159E-16	0
6427.227	1.7938E-16	0
6428.761	1.7589E-16	0
6430.295	1.6820E-16	0
6431.830	1.5765E-16	0
6433.364	1.5501E-16	0
6434.898	1.8677E-16	0
6436.433	2.1832E-16	0
6437.967	2.2003E-16	0
6439.501	2.1728E-16	0
6441.036	2.2345E-16	0
6442.570	2.0847E-16	0
6444.104	1.9013E-16	0
6445.639	2.0011E-16	0
6447.173	2.0208E-16	0
6448.708	1.9544E-16	0
6450.242	2.0080E-16	0
6451.776	2.0710E-16	0
6453.311	2.1386E-16	0
6454.845	2.1064E-16	0
6456.379	1.9268E-16	0
6457.914	1.9320E-16	0
6459.448	2.0945E-16	0
6460.982	2.0182E-16	0
6462.516	1.8464E-16	0
6464.051	1.8053E-16	0
6465.585	1.8649E-16	0
6467.119	1.8058E-16	0
6468.654	1.7222E-16	0
6470.188	1.5548E-16	0
6471.722	1.0359E-16	0
6473.257	6.9045E-17	0
6474.791	8.9536E-17	0
6476.325	1.2183E-16	0
6477.859	1.4672E-16	0
6479.394	1.5141E-16	0
6480.928	1.5739E-16	0
6482.462	1.6006E-16	0
6483.997	1.6540E-16	0
6485.531	1.6629E-16	0
6487.065	1.5195E-16	0
6488.600	1.4700E-16	0
6490.134	1.4356E-16	0
6491.668	1.4731E-16	0
6493.203	1.5883E-16	0
6494.737	1.6609E-16	0
6496.271	1.7139E-16	0
6497.806	1.9355E-16	0
6499.340	2.0858E-16	0
6500.875	2.0317E-16	0
6502.409	1.8748E-16	0
6503.943	1.7998E-16	0
6505.478	1.8148E-16	0
6507.012	1.8737E-16	0
6508.546	1.8986E-16	0
6510.081	1.8521E-16	0
6511.615	1.9141E-16	0
6513.149	2.0792E-16	0
6514.684	2.3415E-16	0
6516.218	2.6976E-16	0
6517.752	2.9925E-16	0
6519.287	3.3573E-16	0
6520.821	3.9352E-16	0
6522.355	4.5782E-16	0
6523.890	5.2928E-16	0
6525.424	6.2047E-16	0
6526.958	6.9653E-16	0
6528.492	7.5728E-16	0
6530.027	8.2061E-16	0
6531.561	9.0153E-16	0
6533.095	9.7247E-16	0
6534.630	1.0254E-15	0
6536.164	1.0949E-15	0
6537.698	1.2011E-15	0
6539.233	1.3426E-15	0
6540.767	1.4736E-15	0
6542.301	1.6603E-15	0
6543.835	1.9259E-15	0
6545.370	2.1835E-15	0
6546.904	2.4132E-15	0
6548.438	2.6434E-15	0
6549.973	2.7737E-15	0
6551.507	2.8471E-15	0
6553.042	2.8980E-15	0
6554.576	2.9182E-15	0
6556.110	2.8831E-15	0
6557.645	2.7978E-15	0
6559.179	2.6910E-15	0
6560.713	2.5983E-15	0
6562.248	2.5801E-15	0
6563.782	2.5525E-15	0
6565.316	2.4693E-15	0
6566.851	2.3426E-15	0
6568.385	2.2019E-15	0
6569.919	2.0500E-15	0
6571.454	1.9054E-15	0
6572.988	1.7504E-15	0
6574.522	1.5982E-15	0
6576.057	1.4665E-15	0
6577.591	1.3258E-15	0
6579.125	1.1907E-15	0
6580.660	1.0715E-15	0
6582.194	9.7129E-16	0
6583.728	8.6716E-16	0
6585.263	7.7418E-16	0
6586.797	7.0645E-16	0
6588.331	6.2462E-16	0
6589.865	5.4794E-16	0
6591.400	4.9852E-16	0
6592.934	4.5328E-16	0
6594.468	4.0839E-16	0
6596.003	3.6482E-16	0
6597.537	3.2209E-16	0
6599.071	2.9579E-16	0
6600.606	2.7248E-16	0
6602.140	2.4670E-16	0
6603.674	2.2763E-16	0
6605.208	2.2089E-16	0
6606.743	2.0777E-16	0
6608.277	1.9984E-16	0
6609.812	1.9939E-16	0
6611.346	1.9332E-16	0
6612.880	1.8005E-16	0
6614.415	1.6837E-16	0
6615.949	1.7334E-16	0
6617.483	1.7198E-16	0
6619.018	1.6374E-16	0
6620.552	1.5861E-16	0
6622.086	1.4812E-16	0
6623.621	1.4519E-16	0
6625.155	1.4740E-16	0
6626.689	1.5133E-16	0
6628.224	1.5400E-16	0
6629.758	1.5443E-16	0
6631.292	1.5013E-16	0
6632.827	1.4019E-16	0
6634.361	1.3507E-16	0
6635.896	1.3839E-16	0
6637.430	1.3708E-16	0
6638.964	1.3057E-16	0
6640.498	1.3550E-16	0
6642.033	1.3999E-16	0
6643.567	1.4089E-16	0
6645.101	1.3789E-16	0
6646.636	1.2540E-16	0
6648.170	1.2590E-16	0
6649.704	1.2862E-16	0
6651.239	1.2359E-16	0
6652.773	1.3097E-16	0
6654.307	1.3278E-16	0
6655.841	1.2216E-16	0
6657.376	1.1633E-16	0
6658.910	1.2606E-16	0
6660.444	1.3016E-16	0
6661.979	1.2795E-16	0
6663.513	1.3373E-16	0
6665.047	1.4110E-16	0
6666.582	1.3302E-16	0
6668.116	1.2647E-16	0
6669.650	1.3399E-16	0
6671.185	1.3945E-16	0
6672.719	1.3553E-16	0
6674.253	1.3449E-16	0
6675.788	1.2833E-16	0
6677.322	1.1874E-16	0
6678.856	1.2627E-16	0
6680.391	1.3610E-16	0
6681.925	1.3642E-16	0
6683.459	1.3051E-16	0
6684.994	1.2025E-16	0
6686.528	1.1845E-16	0
6688.062	1.3377E-16	0
6689.597	1.3718E-16	0
6691.131	1.2280E-16	0
6692.666	1.2797E-16	0
6694.200	1.3040E-16	0
6695.734	1.1616E-16	0
6697.269	1.1455E-16	0
6698.803	1.2594E-16	0
6700.337	1.2766E-16	0
6701.871	1.2407E-16	0
6703.406	1.2477E-16	0
6704.940	1.2717E-16	0
6706.474	1.3085E-16	0
6708.009	1.3924E-16	0
6709.543	1.4201E-16	0
6711.077	1.3756E-16	0
6712.612	1.3000E-16	0
6714.146	1.2187E-16	0
6715.680	1.1756E-16	0
6717.214	1.2355E-16	0
6718.749	1.3411E-16	0
6720.283	1.2824E-16	0
6721.817	1.1891E-16	0
6723.352	1.2546E-16	0
6724.886	1.4019E-16	0
6726.420	1.4138E-16	0
6727.955	1.3379E-16	0
6729.489	1.2541E-16	0
6731.023	1.2467E-16	0
6732.558	1.1691E-16	0
6734.092	1.1147E-16	0
6735.626	1.1853E-16	0
6737.161	1.2248E-16	0
6738.695	1.2187E-16	0
6740.229	1.1977E-16	0
6741.764	1.1786E-16	0
6743.298	1.1563E-16	0
6744.833	1.0635E-16	0
6746.367	1.0686E-16	0
6747.901	1.1170E-16	0
6749.436	1.0864E-16	0
6750.970	1.0587E-16	0
6752.504	1.1667E-16	0
6754.039	1.2081E-16	0
6755.573	1.2322E-16	0
6757.107	1.2847E-16	0
6758.642	1.1954E-16	0
6760.176	1.0852E-16	0
6761.710	1.0835E-16	0
6763.245	1.0894E-16	0
6764.779	1.1583E-16	0
6766.313	1.2199E-16	0
6767.847	1.1996E-16	0
6769.382	1.2286E-16	0
6770.916	1.3648E-16	0
6772.450	1.3772E-16	0
6773.985	1.2421E-16	0
6775.519	1.1885E-16	0
6777.053	1.2976E-16	0
6778.588	1.3420E-16	0
6780.122	1.2819E-16	0
6781.656	1.2596E-16	0
6783.190	1.2242E-16	0
6784.725	1.2102E-16	0
6786.259	1.2216E-16	0
6787.793	1.2280E-16	0
6789.328	1.3289E-16	0
6790.862	1.3574E-16	0
6792.396	1.2424E-16	0
6793.931	1.2897E-16	0
6795.465	1.4135E-16	0
6797.000	1.4018E-16	0
6798.534	1.2846E-16	0
6800.068	1.2021E-16	0
6801.603	1.2859E-16	0
6803.137	1.3204E-16	0
6804.671	1.3019E-16	0
6806.206	1.3133E-16	0
6807.740	1.3185E-16	0
6809.274	1.3780E-16	0
6810.809	1.4388E-16	0
6812.343	1.3699E-16	0
6813.877	1.3550E-16	0
6815.412	1.3484E-16	0
6816.946	1.2776E-16	0
6818.480	1.2587E-16	0
6820.015	1.2186E-16	0
6821.549	1.1934E-16	0
6823.083	1.2732E-16	0
6824.618	1.3367E-16	0
6826.152	1.2848E-16	0
6827.686	1.1951E-16	0
6829.220	1.2822E-16	0
6830.755	1.3562E-16	0
6832.289	1.1357E-16	0
6833.823	1.0268E-16	0
6835.358	1.1249E-16	0
6836.892	1.2289E-16	0
6838.426	1.2114E-16	0
6839.961	1.1768E-16	0
6841.495	1.1602E-16	0
6843.029	1.1673E-16	0
6844.564	1.1492E-16	0
6846.098	1.1740E-16	0
6847.632	1.1597E-16	0
6849.167	1.1919E-16	0
6850.701	1.1840E-16	0
6852.235	1.2379E-16	0
6853.770	1.2643E-16	0
6855.304	1.1616E-16	0
6856.838	1.0692E-16	0
6858.373	1.1053E-16	0
6859.907	1.1450E-16	0
6861.441	1.0692E-16	0
6862.976	1.1338E-16	0
6864.510	1.1134E-16	0
6866.044	1.0661E-16	0
6867.579	9.5826E-17	0
6869.113	1.0295E-16	0
6870.647	1.0761E-16	0
6872.182	1.0645E-16	0
6873.716	1.0776E-16	0
6875.250	1.1198E-16	0
6876.785	1.2632E-16	0
6878.319	1.3629E-16	0
6879.853	1.2090E-16	0
6881.388	1.1761E-16	0
6882.922	1.1445E-16	0
6884.456	1.1054E-16	0
6885.991	1.0592E-16	0
6887.525	1.1040E-16	0
6889.059	1.1461E-16	0
6890.594	1.0886E-16	0
6892.128	1.0136E-16	0
6893.662	1.0877E-16	0
6895.196	1.1545E-16	0
6896.731	1.1851E-16	0
6898.265	1.1614E-16	0
6899.799	1.1142E-16	0
6901.334	1.0482E-16	0
6902.868	1.1006E-16	0
6904.402	1.1929E-16	0
6905.937	1.1635E-16	0
6907.471	1.1263E-16	0
6909.005	1.1489E-16	0
6910.540	1.0916E-16	0
6912.074	1.0735E-16	0
6913.608	1.1932E-16	0
6915.143	1.1261E-16	0
6916.677	1.0526E-16	0
6918.211	1.1732E-16	0
6919.746	1.2151E-16	0
6921.280	1.0560E-16	0
6922.814	1.0023E-16	0
6924.349	1.1067E-16	0
6925.883	1.1260E-16	0
6927.417	1.1295E-16	0
6928.952	1.0494E-16	0
6930.486	1.0725E-16	0
6932.021	1.1240E-16	0
6933.555	1.0969E-16	0
6935.089	1.1263E-16	0
6936.624	1.1037E-16	0
6938.158	1.1115E-16	0
6939.692	1.2416E-16	0
6941.226	1.2355E-16	0
6942.761	1.1630E-16	0
6944.295	1.1728E-16	0
6945.829	1.1527E-16	0
6947.364	1.0716E-16	0
6948.898	1.1481E-16	0
6950.432	1.1939E-16	0
6951.967	1.2053E-16	0
6953.501	1.1352E-16	0
6955.035	1.1074E-16	0
6956.569	1.1866E-16	0
6958.104	1.2394E-16	0
6959.638	1.1306E-16	0
6961.172	1.1724E-16	0
6962.707	1.1889E-16	0
6964.241	1.1616E-16	0
6965.775	1.0797E-16	0
6967.310	1.0598E-16	0
6968.844	1.1306E-16	0
6970.378	1.1629E-16	0
6971.913	1.1359E-16	0
6973.447	1.1213E-16	0
6974.981	1.1048E-16	0
6976.516	1.1564E-16	0
6978.050	1.1305E-16	0
6979.584	1.0318E-16	0
6981.119	1.1005E-16	0
6982.653	1.2997E-16	0
6984.188	1.3102E-16	0
6985.722	1.3471E-16	0
6987.256	1.3485E-16	0
6988.791	1.2605E-16	0
6990.325	1.3204E-16	0
6991.859	1.3182E-16	0
6993.394	1.2783E-16	0
6994.928	1.2311E-16	0
6996.462	1.2660E-16	0
6997.997	1.2833E-16	0
6999.531	1.2184E-16	0
7001.065	1.2088E-16	0
7002.600	1.1678E-16	0
7004.134	1.1600E-16	0
7005.668	1.2326E-16	0
7007.202	1.3091E-16	0
7008.737	1.2701E-16	0
7010.271	1.2787E-16	0
7011.805	1.2532E-16	0
7013.340	1.1347E-16	0
7014.874	1.0979E-16	0
7016.408	1.1897E-16	0
7017.943	1.2198E-16	0
7019.477	1.1397E-16	0
7021.011	1.1428E-16	0
7022.545	1.1500E-16	0
7024.080	1.1756E-16	0
7025.614	1.1715E-16	0
7027.148	1.1002E-16	0
7028.683	1.1178E-16	0
7030.217	1.1716E-16	0
7031.751	1.1226E-16	0
7033.286	1.0713E-16	0
7034.820	1.1615E-16	0
7036.354	1.2133E-16	0
7037.889	1.1649E-16	0
7039.423	1.1538E-16	0
7040.958	1.1588E-16	0
7042.492	1.1078E-16	0
7044.026	1.0997E-16	0
7045.561	1.1921E-16	0
7047.095	1.2631E-16	0
7048.629	1.1687E-16	0
7050.164	1.1357E-16	0
7051.698	1.1811E-16	0
7053.232	1.1741E-16	0
7054.767	1.2192E-16	0
7056.301	1.2268E-16	0
7057.835	1.1589E-16	0
7059.370	1.2061E-16	0
7060.904	1.2805E-16	0
7062.438	1.2233E-16	0
7063.973	1.2533E-16	0
7065.507	1.2780E-16	0
7067.041	1.2125E-16	0
7068.575	1.2773E-16	0
7070.110	1.2979E-16	0
7071.644	1.2566E-16	0
7073.178	1.3079E-16	0
7074.713	1.3302E-16	0
7076.247	1.3585E-16	0
7077.781	1.3334E-16	0
7079.316	1.3708E-16	0
7080.850	1.2958E-16	0
7082.384	1.2716E-16	0
7083.919	1.3455E-16	0
7085.453	1.3577E-16	0
7086.987	1.3330E-16	0
7088.521	1.4285E-16	0
7090.056	1.4866E-16	0
7091.590	1.3978E-16	0
7093.125	1.4039E-16	0
7094.659	1.4240E-16	0
7096.193	1.4342E-16	0
7097.728	1.4598E-16	0
7099.262	1.5082E-16	0
7100.796	1.5980E-16	0
7102.331	1.5727E-16	0
7103.865	1.5239E-16	0
7105.399	1.6155E-16	0
7106.934	1.5876E-16	0
7108.468	1.5939E-16	0
7110.002	1.5591E-16	0
7111.537	1.4793E-16	0
7113.071	1.5377E-16	0
7114.605	1.4889E-16	0
7116.140	1.4987E-16	0
7117.674	1.5184E-16	0
7119.208	1.4665E-16	0
7120.743	1.4853E-16	0
7122.277	1.4649E-16	0
7123.811	1.3411E-16	0
7125.346	1.3017E-16	0
7126.880	1.4014E-16	0
7128.414	1.3799E-16	0
7129.949	1.3597E-16	0
7131.483	1.1965E-16	0
7133.017	1.1118E-16	0
7134.551	1.1918E-16	0
7136.086	1.2814E-16	0
7137.620	1.3368E-16	0
7139.154	1.2721E-16	0
7140.689	1.1830E-16	0
7142.223	1.2343E-16	0
7143.757	1.2778E-16	0
7145.292	1.2535E-16	0
7146.826	1.2137E-16	0
7148.360	1.1842E-16	0
7149.895	1.1723E-16	0
7151.429	1.1894E-16	0
7152.963	1.2463E-16	0
7154.498	1.3313E-16	0
7156.032	1.2520E-16	0
7157.566	1.1955E-16	0
7159.101	1.2741E-16	0
7160.635	1.1563E-16	0
7162.169	1.1345E-16	0
7163.704	1.2092E-16	0
7165.238	1.2536E-16	0
7166.772	1.2857E-16	0
7168.307	1.1293E-16	0
7169.841	1.0149E-16	0
7171.375	1.0740E-16	0
7172.910	1.2439E-16	0
7174.444	1.2882E-16	0
7175.979	1.2218E-16	0
7177.513	1.1965E-16	0
7179.047	1.1715E-16	0
7180.581	1.1802E-16	0
7182.116	1.2623E-16	0
7183.650	1.2729E-16	0
7185.184	1.1960E-16	0
7186.719	1.1532E-16	0
7188.253	1.1635E-16	0
7189.787	1.1950E-16	0
7191.322	1.2226E-16	0
7192.856	1.2036E-16	0
7194.390	1.2401E-16	0
7195.925	1.3282E-16	0
7197.459	1.3263E-16	0
7198.993	1.2837E-16	0
7200.527	1.3432E-16	0
7202.062	1.3969E-16	0
7203.596	1.4006E-16	0
7205.130	1.4955E-16	0
7206.665	1.5261E-16	0
7208.199	1.5204E-16	0
7209.733	1.6168E-16	0
7211.268	1.6029E-16	0
7212.802	1.5844E-16	0
7214.336	1.6849E-16	0
7215.871	1.8005E-16	0
7217.405	1.8479E-16	0
7218.939	1.7802E-16	0
7220.474	1.7276E-16	0
7222.008	1.7424E-16	0
7223.542	1.7763E-16	0
7225.077	1.7766E-16	0
7226.611	1.7743E-16	0
7228.146	1.7036E-16	0
7229.680	1.6296E-16	0
7231.214	1.7534E-16	0
7232.749	1.7797E-16	0
7234.283	1.7837E-16	0
7235.817	1.9349E-16	0
7237.352	1.8196E-16	0
7238.886	1.7039E-16	0
7240.420	1.7594E-16	0
7241.955	1.6345E-16	0
7243.489	1.5523E-16	0
7245.023	1.6535E-16	0
7246.557	1.7405E-16	0
7248.092	1.6997E-16	0
7249.626	1.5760E-16	0
7251.160	1.5056E-16	0
7252.695	1.4971E-16	0
7254.229	1.5319E-16	0
7255.763	1.5714E-16	0
7257.298	1.5582E-16	0
7258.832	1.5443E-16	0
7260.366	1.5522E-16	0
7261.900	1.5149E-16	0
7263.435	1.4668E-16	0
7264.969	1.4039E-16	0
7266.503	1.3172E-16	0
7268.038	1.2656E-16	0
7269.572	1.4039E-16	0
7271.106	1.5550E-16	0
7272.641	1.4267E-16	0
7274.175	1.2587E-16	0
7275.709	1.3143E-16	0
7277.244	1.3053E-16	0
7278.778	1.2709E-16	0
7280.312	1.3552E-16	0
7281.847	1.3889E-16	0
7283.381	1.3478E-16	0
7284.916	1.3415E-16	0
7286.450	1.3240E-16	0
7287.984	1.3637E-16	0
7289.519	1.3512E-16	0
7291.053	1.2809E-16	0
7292.587	1.3657E-16	0
7294.122	1.4080E-16	0
7295.656	1.4031E-16	0
7297.190	1.3613E-16	0
7298.725	1.3957E-16	0
7300.259	1.4971E-16	0
7301.793	1.3896E-16	0
7303.328	1.2604E-16	0
7304.862	1.3804E-16	0
7306.396	1.4819E-16	0
7307.931	1.4486E-16	0
7309.465	1.4440E-16	0
7310.999	1.4966E-16	0
7312.533	1.4181E-16	0
7314.068	1.3875E-16	0
7315.602	1.4305E-16	0
7317.136	1.3843E-16	0
7318.671	1.3947E-16	0
7320.205	1.4511E-16	0
7321.739	1.4266E-16	0
7323.274	1.3552E-16	0
7324.808	1.3122E-16	0
7326.342	1.2688E-16	0
7327.876	1.2882E-16	0
7329.411	1.2913E-16	0
7330.945	1.2246E-16	0
7332.479	1.2033E-16	0
7334.014	1.2440E-16	0
7335.548	1.3253E-16	0
7337.083	1.3299E-16	0
7338.617	1.2778E-16	0
7340.151	1.1912E-16	0
7341.686	1.1590E-16	0
7343.220	1.2287E-16	0
7344.754	1.2028E-16	0
7346.289	1.1951E-16	0
7347.823	1.2272E-16	0
7349.357	1.2570E-16	0
7350.892	1.2038E-16	0
7352.426	1.0775E-16	0
7353.960	1.0606E-16	0
7355.495	1.1076E-16	0
7357.029	1.0734E-16	0
7358.563	1.1008E-16	0
7360.098	1.0780E-16	0
7361.632	1.0822E-16	0
7363.166	1.1536E-16	0
7364.701	1.1562E-16	0
7366.235	1.1474E-16	0
7367.769	1.2267E-16	0
7369.304	1.2070E-16	0
7370.838	1.0812E-16	0
7372.372	1.0702E-16	0
7373.906	1.1220E-16	0
7375.441	1.1017E-16	0
7376.975	1.1237E-16	0
7378.509	1.1416E-16	0
7380.044	1.0685E-16	0
7381.578	1.0588E-16	0
7383.112	1.1794E-16	0
7384.647	1.1806E-16	0
7386.181	9.8188E-17	0
7387.715	1.0352E-16	0
7389.250	1.1926E-16	0
7390.784	1.0846E-16	0
7392.318	1.0406E-16	0
7393.853	1.0182E-16	0
7395.387	9.5590E-17	0
7396.921	9.6170E-17	0
7398.456	1.0668E-16	0
7399.990	1.0467E-16	0
7401.524	1.0023E-16	0
7403.059	1.0500E-16	0
7404.593	1.1204E-16	0
7406.127	1.0843E-16	0
7407.662	1.0716E-16	0
7409.196	1.1066E-16	0
7410.730	1.0847E-16	0
7412.265	1.1180E-16	0
7413.799	1.1268E-16	0
7415.333	1.1117E-16	0
7416.868	1.1265E-16	0
7418.402	1.1582E-16	0
7419.937	1.2154E-16	0
7421.471	1.2780E-16	0
7423.005	1.4168E-16	0
7424.539	1.4460E-16	0
7426.074	1.3208E-16	0
7427.608	1.2902E-16	0
7429.142	1.3964E-16	0
7430.677	1.3904E-16	0
7432.211	1.2705E-16	0
7433.745	1.2451E-16	0
7435.280	1.2475E-16	0
7436.814	1.2263E-16	0
7438.348	1.2260E-16	0
7439.882	1.2202E-16	0
7441.417	1.2498E-16	0
7442.951	1.3763E-16	0
7444.485	1.4611E-16	0
7446.020	1.5131E-16	0
7447.554	1.5498E-16	0
7449.088	1.5325E-16	0
7450.623	1.5682E-16	0
7452.157	1.5912E-16	0
7453.691	1.6137E-16	0
7455.226	1.6524E-16	0
7456.760	1.6709E-16	0
7458.294	1.6906E-16	0
7459.829	1.6311E-16	0
7461.363	1.6681E-16	0
7462.897	1.7111E-16	0
7464.432	1.7046E-16	0
7465.966	1.7303E-16	0
7467.500	1.6645E-16	0
7469.035	1.6663E-16	0
7470.569	1.7758E-16	0
7472.104	1.6774E-16	0
7473.638	1.5188E-16	0
7475.172	1.5488E-16	0
7476.707	1.5453E-16	0
7478.241	1.4895E-16	0
7479.775	1.4431E-16	0
7481.310	1.3767E-16	0
7482.844	1.3565E-16	0
7484.378	1.3823E-16	0
7485.912	1.4310E-16	0
7487.447	1.3817E-16	0
7488.981	1.3542E-16	0
7490.515	1.4246E-16	0
7492.050	1.3936E-16	0
7493.584	1.3329E-16	0
7495.118	1.3297E-16	0
7496.653	1.3368E-16	0
7498.187	1.4007E-16	0
7499.721	1.4507E-16	0
7501.255	1.2914E-16	0
7502.790	1.2662E-16	0
7504.324	1.3455E-16	0
7505.858	1.3355E-16	0
7507.393	1.2661E-16	0
7508.927	1.2546E-16	0
7510.461	1.2863E-16	0
7511.996	1.3138E-16	0
7513.530	1.3066E-16	0
7515.064	1.2728E-16	0
7516.599	1.3009E-16	0
7518.133	1.3189E-16	0
7519.667	1.2797E-16	0
7521.202	1.1955E-16	0
7522.736	1.1905E-16	0
7524.271	1.1750E-16	0
7525.805	1.1586E-16	0
7527.339	1.1068E-16	0
7528.874	1.0642E-16	0
7530.408	1.1312E-16	0
7531.942	1.1398E-16	0
7533.477	1.1590E-16	0
7535.011	1.1744E-16	0
7536.545	1.1152E-16	0
7538.080	1.1713E-16	0
7539.614	1.2536E-16	0
7541.148	1.1555E-16	0
7542.683	1.0790E-16	0
7544.217	1.1058E-16	0
7545.751	1.1803E-16	0
7547.286	1.1708E-16	0
7548.820	1.0712E-16	0
7550.354	1.0857E-16	0
7551.888	1.1409E-16	0
7553.423	1.1552E-16	0
7554.957	1.1304E-16	0
7556.491	1.0466E-16	0
7558.026	1.0397E-16	0
7559.560	1.1342E-16	0
7561.094	1.1472E-16	0
7562.629	1.1514E-16	0
7564.163	1.1468E-16	0
7565.697	1.1114E-16	0
7567.231	1.0812E-16	0
7568.766	1.1227E-16	0
7570.300	1.2199E-16	0
7571.834	1.1854E-16	0
7573.369	1.0642E-16	0
7574.903	1.0032E-16	0
7576.438	1.0381E-16	0
7577.972	1.0923E-16	0
7579.506	1.1110E-16	0
7581.041	1.1087E-16	0
7582.575	1.0884E-16	0
7584.109	1.1189E-16	0
7585.644	1.1885E-16	0
7587.178	1.2181E-16	0
7588.712	1.1682E-16	0
7590.247	1.0892E-16	0
7591.781	1.0917E-16	0
7593.315	1.1110E-16	0
7594.850	1.0623E-16	0
7596.384	8.4532E-17	0
7597.918	6.8476E-17	0
7599.453	8.0203E-17	0
7600.987	8.2855E-17	0
7602.521	8.5651E-17	0
7604.056	8.5544E-17	0
7605.590	6.9265E-17	0
7607.124	7.3830E-17	0
7608.659	8.8414E-17	0
7610.193	9.2358E-17	0
7611.727	9.0910E-17	0
7613.261	9.4694E-17	0
7614.796	1.0283E-16	0
7616.330	1.0692E-16	0
7617.864	1.0340E-16	0
7619.399	1.0695E-16	0
7620.933	1.1353E-16	0
7622.467	1.0778E-16	0
7624.002	9.2467E-17	0
7625.536	7.9605E-17	0
7627.070	7.8410E-17	0
7628.604	8.3630E-17	0
7630.139	8.6658E-17	0
7631.673	9.0244E-17	0
7633.208	8.9262E-17	0
7634.742	9.0611E-17	0
7636.276	9.6242E-17	0
7637.811	9.2404E-17	0
7639.345	8.4578E-17	0
7640.879	8.5198E-17	0
7642.414	9.9148E-17	0
7643.948	1.0283E-16	0
7645.482	1.0080E-16	0
7647.017	1.0784E-16	0
7648.551	1.1189E-16	0
7650.085	1.0628E-16	0
7651.620	1.1374E-16	0
7653.154	1.1619E-16	0
7654.688	1.0971E-16	0
7656.223	1.0787E-16	0
7657.757	1.0969E-16	0
7659.292	1.1351E-16	0
7660.826	1.0730E-16	0
7662.360	1.1102E-16	0
7663.894	1.1789E-16	0
7665.429	1.1337E-16	0
7666.963	1.0846E-16	0
7668.497	1.1040E-16	0
7670.032	1.1343E-16	0
7671.566	1.0587E-16	0
7673.100	9.6921E-17	0
7674.635	9.4794E-17	0
7676.169	1.0304E-16	0
7677.703	1.1300E-16	0
7679.237	1.1281E-16	0
7680.772	1.1410E-16	0
7682.306	1.0855E-16	0
7683.840	1.0412E-16	0
7685.375	1.0635E-16	0
7686.909	1.1589E-16	0
7688.443	1.2659E-16	0
7689.978	1.3142E-16	0
7691.512	1.3383E-16	0
7693.046	1.3251E-16	0
7694.581	1.2232E-16	0
7696.115	1.2258E-16	0
7697.649	1.2646E-16	0
7699.184	1.3379E-16	0
7700.718	1.3475E-16	0
7702.252	1.3323E-16	0
7703.787	1.2980E-16	0
7705.321	1.2628E-16	0
7706.855	1.2336E-16	0
7708.390	1.2496E-16	0
7709.924	1.2259E-16	0
7711.458	1.3584E-16	0
7712.993	1.3791E-16	0
7714.527	1.1511E-16	0
7716.062	1.0809E-16	0
7717.596	1.0934E-16	0
7719.130	1.0504E-16	0
7720.665	1.1562E-16	0
7722.199	1.1790E-16	0
7723.733	1.1196E-16	0
7725.267	1.1820E-16	0
7726.802	1.3022E-16	0
7728.336	1.3452E-16	0
7729.870	1.3067E-16	0
7731.405	1.3398E-16	0
7732.939	1.4279E-16	0
7734.473	1.4210E-16	0
7736.008	1.5343E-16	0
7737.542	1.7116E-16	0
7739.076	1.6992E-16	0
7740.610	1.7402E-16	0
7742.145	1.7871E-16	0
7743.679	1.8203E-16	0
7745.213	1.8437E-16	0
7746.748	1.8104E-16	0
7748.282	1.7499E-16	0
7749.816	1.9133E-16	0
7751.351	2.1634E-16	0
7752.885	2.6767E-16	0
7754.419	3.1493E-16	0
7755.954	3.4793E-16	0
7757.488	3.7547E-16	0
7759.022	4.0595E-16	0
7760.557	4.2435E-16	0
7762.091	4.2945E-16	0
7763.625	4.3071E-16	0
7765.160	4.2819E-16	0
7766.694	4.3464E-16	0
7768.229	4.4799E-16	0
7769.763	4.5306E-16	0
7771.297	4.3556E-16	0
7772.832	4.1600E-16	0
7774.366	4.2781E-16	0
7775.900	4.4226E-16	0
7777.435	4.3169E-16	0
7778.969	4.2155E-16	0
7780.503	4.1878E-16	0
7782.038	4.1089E-16	0
7783.572	3.8934E-16	0
7785.106	3.7277E-16	0
7786.641	3.4968E-16	0
7788.175	3.2293E-16	0
7789.709	3.0105E-16	0
7791.243	2.8216E-16	0
7792.778	2.7333E-16	0
7794.312	2.5771E-16	0
7795.846	2.4439E-16	0
7797.381	2.3073E-16	0
7798.915	2.1621E-16	0
7800.449	2.1151E-16	0
7801.984	2.1073E-16	0
7803.518	1.9814E-16	0
7805.052	1.7092E-16	0
7806.586	1.5754E-16	0
7808.121	1.6638E-16	0
7809.655	1.6085E-16	0
7811.189	1.4295E-16	0
7812.724	1.3674E-16	0
7814.258	1.3718E-16	0
7815.792	1.3815E-16	0
7817.327	1.4537E-16	0
7818.861	1.4181E-16	0
7820.396	1.2676E-16	0
7821.930	1.1657E-16	0
7823.464	1.1457E-16	0
7824.999	1.1971E-16	0
7826.533	1.1993E-16	0
7828.067	1.2579E-16	0
7829.602	1.3746E-16	0
7831.136	1.2894E-16	0
7832.670	1.1808E-16	0
7834.205	1.2644E-16	0
7835.739	1.3368E-16	0
7837.273	1.2988E-16	0
7838.808	1.3307E-16	0
7840.342	1.3129E-16	0
7841.876	1.2648E-16	0
7843.411	1.2908E-16	0
7844.945	1.2724E-16	0
7846.479	1.3287E-16	0
7848.014	1.4741E-16	0
7849.548	1.4491E-16	0
7851.082	1.2881E-16	0
7852.616	1.2597E-16	0
7854.151	1.2543E-16	0
7855.685	1.2772E-16	0
7857.219	1.3852E-16	0
7858.754	1.4154E-16	0
7860.288	1.4467E-16	0
7861.822	1.4571E-16	0
7863.357	1.4395E-16	0
7864.891	1.5084E-16	0
7866.425	1.4505E-16	0
7867.959	1.3284E-16	0
7869.494	1.4536E-16	0
7871.028	1.5392E-16	0
7872.562	1.4998E-16	0
7874.097	1.4694E-16	0
7875.631	1.4522E-16	0
7877.166	1.5872E-16	0
7878.700	1.6208E-16	0
7880.234	1.4904E-16	0
7881.769	1.4651E-16	0
7883.303	1.4946E-16	0
7884.837	1.4723E-16	0
7886.372	1.4994E-16	0
7887.906	1.5465E-16	0
7889.440	1.4712E-16	0
7890.975	1.3694E-16	0
7892.509	1.3160E-16	0
7894.043	1.2882E-16	0
7895.578	1.3816E-16	0
7897.112	1.4433E-16	0
7898.646	1.4030E-16	0
7900.181	1.3544E-16	0
7901.715	1.2660E-16	0
7903.249	1.3197E-16	0
7904.784	1.3492E-16	0
7906.318	1.2738E-16	0
7907.852	1.4232E-16	0
7909.387	1.5930E-16	0
7910.921	1.4560E-16	0
7912.455	1.3143E-16	0
7913.990	1.2759E-16	0
7915.524	1.1471E-16	0
7917.058	1.1858E-16	0
7918.592	1.2847E-16	0
7920.127	1.1315E-16	0
7921.661	1.0537E-16	0
7923.195	1.1572E-16	0
7924.730	1.1990E-16	0
7926.264	1.1873E-16	0
7927.798	1.2107E-16	0
7929.333	1.2311E-16	0
7930.867	1.3441E-16	0
7932.401	1.3942E-16	0
7933.936	1.3863E-16	0
7935.470	1.2841E-16	0
7937.004	1.2371E-16	0
7938.539	1.3642E-16	0
7940.073	1.3746E-16	0
7941.607	1.2370E-16	0
7943.142	1.1641E-16	0
7944.676	1.1910E-16	0
7946.210	1.2585E-16	0
7947.745	1.2245E-16	0
7949.279	1.1963E-16	0
7950.813	1.2766E-16	0
7952.348	1.2449E-16	0
7953.882	1.2700E-16	0
7955.417	1.2459E-16	0
7956.951	1.2029E-16	0
7958.485	1.2255E-16	0
7960.020	1.1468E-16	0
7961.554	1.1040E-16	0
7963.088	1.3061E-16	0
7964.622	1.3778E-16	0
7966.157	1.2751E-16	0
7967.691	1.2000E-16	0
7969.225	1.1409E-16	0
7970.760	1.2010E-16	0
7972.294	1.1818E-16	0
7973.828	1.0819E-16	0
7975.363	1.1159E-16	0
7976.897	1.1072E-16	0
7978.431	1.0287E-16	0
7979.965	1.0177E-16	0
7981.500	1.1674E-16	0
7983.034	1.1840E-16	0
7984.568	1.1124E-16	0
7986.103	1.1873E-16	0
7987.637	1.2032E-16	0
7989.171	1.1238E-16	0
7990.706	1.0776E-16	0
7992.240	1.1125E-16	0
7993.774	1.0715E-16	0
7995.309	1.0162E-16	0
7996.843	1.0706E-16	0
7998.377	1.1418E-16	0
7999.912	1.0815E-16	0
8001.446	1.0183E-16	0
8002.980	9.7917E-17	0
8004.515	1.0217E-16	0
8006.049	1.0602E-16	0
8007.583	9.9836E-17	0
8009.118	1.0145E-16	0
8010.652	1.0521E-16	0
8012.187	9.0548E-17	0
8013.721	9.4196E-17	0
8015.255	1.0527E-16	0
8016.790	1.0239E-16	0
8018.324	1.0071E-16	0
8019.858	1.0290E-16	0
8021.393	1.1635E-16	0
8022.927	1.1076E-16	0
8024.461	9.1480E-17	0
8025.996	9.5961E-17	0
8027.530	1.0499E-16	0
8029.064	1.0685E-16	0
8030.598	1.0127E-16	0
8032.133	9.3083E-17	0
8033.667	9.4069E-17	0
8035.201	1.0595E-16	0
8036.736	1.1191E-16	0
8038.270	1.0962E-16	0
8039.804	1.1070E-16	0
8041.339	1.0909E-16	0
8042.873	1.1596E-16	0
8044.407	1.1718E-16	0
8045.941	1.1419E-16	0
8047.476	1.1185E-16	0
8049.010	1.0420E-16	0
8050.544	1.0657E-16	0
8052.079	1.1014E-16	0
8053.613	1.0644E-16	0
8055.147	1.1033E-16	0
8056.682	1.0644E-16	0
8058.216	1.0680E-16	0
8059.750	1.1736E-16	0
8061.285	1.1013E-16	0
8062.819	1.0455E-16	0
8064.354	1.1448E-16	0
8065.888	1.1441E-16	0
8067.422	1.0583E-16	0
8068.957	1.0351E-16	0
8070.491	1.0575E-16	0
8072.025	1.1325E-16	0
8073.560	1.1947E-16	0
8075.094	1.1323E-16	0
8076.628	1.0551E-16	0
8078.163	1.0764E-16	0
8079.697	1.1528E-16	0
8081.231	1.1303E-16	0
8082.766	1.0904E-16	0
8084.300	1.1308E-16	0
8085.834	1.0671E-16	0
8087.369	1.0004E-16	0
8088.903	1.0614E-16	0
8090.437	1.1038E-16	0
8091.971	1.0109E-16	0
8093.506	9.5065E-17	0
8095.040	1.0401E-16	0
8096.574	1.1407E-16	0
8098.109	1.1501E-16	0
8099.643	1.1388E-16	0
8101.177	1.0683E-16	0
8102.712	9.6115E-17	0
8104.246	1.0679E-16	0
8105.780	1.0873E-16	0
8107.315	9.6577E-17	0
8108.849	1.0241E-16	0
8110.383	1.0725E-16	0
8111.917	1.0820E-16	0
8113.452	1.0610E-16	0
8114.986	9.9610E-17	0
8116.521	9.4468E-17	0
8118.055	9.8034E-17	0
8119.589	1.0331E-16	0
8121.124	1.0285E-16	0
8122.658	1.0269E-16	0
8124.192	1.0825E-16	0
8125.727	1.1095E-16	0
8127.261	1.0692E-16	0
8128.795	9.9863E-17	0
8130.330	1.0252E-16	0
8131.864	1.0066E-16	0
8133.398	9.4993E-17	0
8134.933	9.4006E-17	0
8136.467	9.3101E-17	0
8138.001	9.8496E-17	0
8139.536	9.9963E-17	0
8141.070	9.7663E-17	0
8142.604	1.0151E-16	0
8144.139	9.7057E-17	0
8145.673	9.4232E-17	0
8147.207	9.3626E-17	0
8148.742	9.4395E-17	0
8150.276	9.4920E-17	0
8151.810	9.3363E-17	0
8153.345	9.3028E-17	0
8154.879	8.8967E-17	0
8156.413	8.6916E-17	0
8157.947	8.8805E-17	0
8159.482	9.2838E-17	0
8161.016	9.8306E-17	0
8162.550	1.1390E-16	0
8164.085	1.1761E-16	0
8165.619	1.1017E-16	0
8167.153	1.2201E-16	0
8168.688	1.2630E-16	0
8170.222	1.2206E-16	0
8171.756	1.2999E-16	0
8173.291	1.3881E-16	0
8174.825	1.3010E-16	0
8176.359	1.2738E-16	0
8177.894	1.3024E-16	0
8179.428	1.3095E-16	0
8180.962	1.3306E-16	0
8182.497	1.3180E-16	0
8184.031	1.3627E-16	0
8185.565	1.3636E-16	0
8187.100	1.3312E-16	0
8188.634	1.4249E-16	0
8190.168	1.4315E-16	0
8191.703	1.4922E-16	0
8193.237	1.4718E-16	0
8194.771	1.5478E-16	0
8196.306	1.6042E-16	0
8197.840	1.6298E-16	0
8199.374	1.7248E-16	0
8200.908	1.8257E-16	0
8202.443	1.9188E-16	0
8203.978	2.0284E-16	0
8205.512	2.0496E-16	0
8207.046	2.0389E-16	0
8208.580	2.1361E-16	0
8210.114	2.1851E-16	0
8211.648	2.1132E-16	0
8213.184	2.0787E-16	0
8214.718	1.9819E-16	0
8216.252	1.9080E-16	0
8217.786	2.0500E-16	0
8219.320	2.1759E-16	0
8220.854	2.3195E-16	0
8222.390	2.4089E-16	0
8223.924	2.4132E-16	0
8225.458	2.4724E-16	0
8226.992	2.4542E-16	0
8228.526	2.3080E-16	0
8230.061	2.1834E-16	0
8231.595	2.2173E-16	0
8233.130	2.3028E-16	0
8234.664	2.1733E-16	0
8236.198	2.1716E-16	0
8237.732	2.2650E-16	0
8239.267	2.1593E-16	0
8240.801	2.0799E-16	0
8242.336	2.1083E-16	0
8243.870	1.9939E-16	0
8245.404	1.9011E-16	0
8246.938	1.8911E-16	0
8248.473	1.9007E-16	0
8250.007	1.8711E-16	0
8251.541	1.7964E-16	0
8253.076	1.6752E-16	0
8254.610	1.6599E-16	0
8256.145	1.6867E-16	0
8257.679	1.5862E-16	0
8259.213	1.4456E-16	0
8260.747	1.4745E-16	0
8262.281	1.5353E-16	0
8263.816	1.4271E-16	0
8265.351	1.3426E-16	0
8266.885	1.3905E-16	0
8268.419	1.3736E-16	0
8269.953	1.2212E-16	0
8271.487	1.2147E-16	0
8273.022	1.2532E-16	0
8274.557	1.1605E-16	0
8276.091	1.1866E-16	0
8277.625	1.2622E-16	0
8279.159	1.2664E-16	0
8280.693	1.1339E-16	0
8282.228	1.0062E-16	0
8283.763	1.0415E-16	0
8285.297	1.0863E-16	0
8286.831	1.0881E-16	0
8288.365	1.0606E-16	0
8289.899	1.0814E-16	0
8291.434	1.1344E-16	0
8292.968	1.1476E-16	0
8294.503	1.1608E-16	0
8296.037	1.1857E-16	0
8297.571	1.2235E-16	0
8299.105	1.2130E-16	0
8300.640	1.1565E-16	0
8302.174	1.1308E-16	0
8303.709	1.0927E-16	0
8305.243	1.1350E-16	0
8306.777	1.1875E-16	0
8308.312	1.1764E-16	0
8309.846	1.2124E-16	0
8311.380	1.3162E-16	0
8312.914	1.3142E-16	0
8314.449	1.2671E-16	0
8315.983	1.3204E-16	0
8317.518	1.3779E-16	0
8319.052	1.3719E-16	0
8320.586	1.3914E-16	0
8322.120	1.4225E-16	0
8323.654	1.4047E-16	0
8325.189	1.4369E-16	0
8326.724	1.5057E-16	0
8328.258	1.4632E-16	0
8329.792	1.4487E-16	0
8331.326	1.4783E-16	0
8332.860	1.4717E-16	0
8334.396	1.5204E-16	0
8335.930	1.5004E-16	0
8337.464	1.4712E-16	0
8338.998	1.4868E-16	0
8340.532	1.5087E-16	0
8342.066	1.4982E-16	0
8343.601	1.4650E-16	0
8345.136	1.3255E-16	0
8346.670	1.3364E-16	0
8348.204	1.3457E-16	0
8349.738	1.2950E-16	0
8351.272	1.1061E-16	0
8352.807	9.2041E-17	0
8354.342	1.0379E-16	0
8355.876	1.0654E-16	0
8357.410	1.1023E-16	0
8358.944	1.1380E-16	0
8360.479	1.1479E-16	0
8362.013	1.0715E-16	0
8363.547	1.0144E-16	0
8365.082	1.1069E-16	0
8366.616	1.0166E-16	0
8368.150	1.0130E-16	0
8369.685	1.1108E-16	0
8371.219	1.0741E-16	0
8372.753	1.0959E-16	0
8374.287	1.1692E-16	0
8375.822	1.1778E-16	0
8377.356	1.0763E-16	0
8378.891	1.0370E-16	0
8380.425	1.1120E-16	0
8381.959	1.0700E-16	0
8383.493	1.0036E-16	0
8385.028	1.0781E-16	0
8386.562	1.1612E-16	0
8388.097	1.2234E-16	0
8389.631	1.2228E-16	0
8391.165	1.2081E-16	0
8392.699	1.4087E-16	0
8394.233	1.6252E-16	0
8395.769	1.5519E-16	0
8397.303	1.6418E-16	0
8398.837	1.8678E-16	0
8400.371	1.9838E-16	0
8401.905	2.1415E-16	0
8403.439	2.2717E-16	0
8404.974	2.3701E-16	0
8406.509	2.3899E-16	0
8408.043	2.5201E-16	0
8409.577	2.8204E-16	0
8411.111	2.9982E-16	0
8412.646	3.1416E-16	0
8414.180	3.2282E-16	0
8415.715	3.2841E-16	0
8417.249	3.5595E-16	0
8418.783	3.9316E-16	0
8420.317	4.2906E-16	0
8421.852	4.6927E-16	0
8423.386	5.1275E-16	0
8424.920	5.4411E-16	0
8426.455	5.7205E-16	0
8427.989	5.9958E-16	0
8429.523	6.1649E-16	0
8431.058	6.3535E-16	0
8432.592	6.3065E-16	0
8434.126	6.1751E-16	0
8435.660	6.2940E-16	0
8437.195	6.4544E-16	0
8438.729	6.5443E-16	0
8440.264	6.3755E-16	0
8441.798	6.2349E-16	0
8443.332	6.3272E-16	0
8444.866	6.3267E-16	0
8446.401	6.3371E-16	0
8447.936	6.3106E-16	0
8449.470	6.2699E-16	0
8451.004	6.2605E-16	0
8452.538	6.3044E-16	0
8454.072	6.2353E-16	0
8455.606	6.0155E-16	0
8457.142	5.6727E-16	0
8458.676	5.3294E-16	0
8460.210	5.0670E-16	0
8461.744	4.8348E-16	0
8463.278	4.5119E-16	0
8464.812	4.1882E-16	0
8466.348	4.0997E-16	0
8467.882	4.1247E-16	0
8469.416	4.2713E-16	0
8470.950	4.6692E-16	0
8472.484	5.2032E-16	0
8474.019	5.7155E-16	0
8475.553	6.1308E-16	0
8477.088	6.4049E-16	0
8478.622	6.5183E-16	0
8480.156	6.5452E-16	0
8481.690	6.4570E-16	0
8483.225	6.2340E-16	0
8484.759	6.1197E-16	0
8486.293	6.0334E-16	0
8487.828	5.8185E-16	0
8489.362	5.7485E-16	0
8490.896	5.8264E-16	0
8492.431	5.7127E-16	0
8493.965	5.4597E-16	0
8495.499	5.5342E-16	0
8497.034	5.7734E-16	0
8498.568	5.7918E-16	0
8500.103	5.7671E-16	0
8501.637	5.7695E-16	0
8503.171	5.5335E-16	0
8504.705	5.1004E-16	0
8506.239	4.7868E-16	0
8507.774	4.4867E-16	0
8509.309	4.1360E-16	0
8510.843	3.8320E-16	0
8512.377	3.7107E-16	0
8513.911	3.8775E-16	0
8515.445	4.2590E-16	0
8516.979	4.7184E-16	0
8518.515	5.1785E-16	0
8520.049	5.5553E-16	0
8521.583	5.8207E-16	0
8523.117	6.0027E-16	0
8524.651	6.0310E-16	0
8526.186	6.0301E-16	0
8527.721	5.9929E-16	0
8529.255	5.8302E-16	0
8530.789	5.6290E-16	0
8532.323	5.5152E-16	0
8533.857	5.3751E-16	0
8535.392	5.3386E-16	0
8536.926	5.4017E-16	0
8538.461	5.3047E-16	0
8539.995	5.2214E-16	0
8541.529	5.3567E-16	0
8543.063	5.5522E-16	0
8544.598	5.7604E-16	0
8546.132	5.9122E-16	0
8547.666	5.9864E-16	0
8549.201	5.7426E-16	0
8550.735	5.3802E-16	0
8552.270	4.9713E-16	0
8553.804	4.4132E-16	0
8555.338	3.7380E-16	0
8556.872	3.2124E-16	0
8558.407	2.8085E-16	0
8559.941	2.5861E-16	0
8561.476	2.3488E-16	0
8563.010	1.9915E-16	0
8564.544	1.7490E-16	0
8566.078	1.6902E-16	0
8567.612	1.6003E-16	0
8569.147	1.5610E-16	0
8570.682	1.5068E-16	0
8572.216	1.4680E-16	0
8573.750	1.5183E-16	0
8575.284	1.5893E-16	0
8576.818	1.5405E-16	0
8578.354	1.3990E-16	0
8579.888	1.4017E-16	0
8581.422	1.5449E-16	0
8582.956	1.4701E-16	0
8584.490	1.3780E-16	0
8586.024	1.4152E-16	0
8587.559	1.4023E-16	0
8589.094	1.3434E-16	0
8590.628	1.3732E-16	0
8592.162	1.3245E-16	0
8593.696	1.2645E-16	0
8595.230	1.3194E-16	0
8596.765	1.4021E-16	0
8598.299	1.4421E-16	0
8599.834	1.4176E-16	0
8601.368	1.4265E-16	0
8602.902	1.3934E-16	0
8604.437	1.3735E-16	0
8605.971	1.4341E-16	0
8607.505	1.4812E-16	0
8609.040	1.5048E-16	0
8610.574	1.5293E-16	0
8612.108	1.5278E-16	0
8613.643	1.4015E-16	0
8615.177	1.3480E-16	0
8616.711	1.3840E-16	0
8618.245	1.4573E-16	0
8619.780	1.5157E-16	0
8621.314	1.5476E-16	0
8622.849	1.5095E-16	0
8624.383	1.5037E-16	0
8625.917	1.6647E-16	0
8627.451	1.8249E-16	0
8628.985	1.9782E-16	0
8630.521	2.2010E-16	0
8632.055	2.4736E-16	0
8633.589	2.8354E-16	0
8635.123	3.3045E-16	0
8636.657	3.8133E-16	0
8638.191	4.2213E-16	0
8639.727	4.6559E-16	0
8641.261	4.8339E-16	0
8642.795	4.8283E-16	0
8644.329	4.9594E-16	0
8645.863	4.8890E-16	0
8647.397	4.7416E-16	0
8648.932	4.5560E-16	0
8650.467	4.4284E-16	0
8652.001	4.2803E-16	0
8653.535	4.0763E-16	0
8655.069	4.1150E-16	0
8656.604	4.1126E-16	0
8658.138	3.9207E-16	0
8659.672	3.7768E-16	0
8661.207	3.7237E-16	0
8662.741	3.6949E-16	0
8664.275	3.8154E-16	0
8665.810	3.9364E-16	0
8667.344	3.9217E-16	0
8668.878	4.0458E-16	0
8670.413	3.9565E-16	0
8671.947	3.7305E-16	0
8673.481	3.5543E-16	0
8675.016	3.1016E-16	0
8676.550	2.8659E-16	0
8678.084	2.9375E-16	0
8679.618	2.8028E-16	0
8681.153	2.6105E-16	0
8682.688	2.5119E-16	0
8684.222	2.3995E-16	0
8685.756	2.5504E-16	0
8687.290	2.5588E-16	0
8688.824	2.3939E-16	0
8690.359	2.4901E-16	0
8691.894	2.4850E-16	0
8693.428	2.5021E-16	0
8694.962	2.5734E-16	0
8696.496	2.5958E-16	0
8698.030	2.6693E-16	0
8699.564	2.6105E-16	0
8701.100	2.5840E-16	0
8702.634	2.8306E-16	0
8704.168	2.9756E-16	0
8705.702	2.8693E-16	0
8707.236	2.8204E-16	0
8708.771	2.7921E-16	0
8710.305	2.8210E-16	0
8711.840	2.7833E-16	0
8713.374	2.7331E-16	0
8714.908	2.6115E-16	0
8716.442	2.5923E-16	0
8717.977	2.5165E-16	0
8719.511	2.3328E-16	0
8721.046	2.2219E-16	0
8722.580	2.2845E-16	0
8724.114	2.3051E-16	0
8725.648	2.2970E-16	0
8727.183	2.1316E-16	0
8728.717	2.1006E-16	0
8730.251	2.1375E-16	0
8731.786	2.1932E-16	0
8733.320	2.1538E-16	0
8734.854	2.1417E-16	0
8736.389	2.0414E-16	0
8737.923	1.8707E-16	0
8739.457	1.8086E-16	0
8740.991	1.6897E-16	0
8742.526	1.6506E-16	0
8744.061	1.6640E-16	0
8745.595	1.5413E-16	0
8747.129	1.5296E-16	0
8748.663	1.6139E-16	0
8750.197	1.5735E-16	0
8751.732	1.4449E-16	0
8753.267	1.3109E-16	0
8754.801	1.2708E-16	0
8756.335	1.2403E-16	0
8757.869	1.3355E-16	0
8759.403	1.6103E-16	0
8760.938	1.4496E-16	0
8762.473	1.2419E-16	0
8764.007	1.1963E-16	0
8765.541	1.2002E-16	0
8767.075	9.1190E-17	0
8768.609	8.8158E-17	0
8770.144	1.0305E-16	0
8771.678	8.8492E-17	0
8773.213	9.8288E-17	0
8774.747	1.0875E-16	0
8776.281	9.0665E-17	0
8777.815	1.0088E-16	0
8779.350	1.0525E-16	0
8780.884	8.2346E-17	0
8782.419	8.9456E-17	0
8783.953	9.3635E-17	0
8785.487	8.5298E-17	0
8787.021	8.9443E-17	0
8788.556	8.6845E-17	0
8790.090	8.4417E-17	0
8791.624	9.0801E-17	0
8793.159	9.6034E-17	0
8794.693	9.4866E-17	0
8796.228	8.7626E-17	0
8797.762	8.9950E-17	0
8799.296	8.6523E-17	0
8800.830	7.9958E-17	0
8802.365	8.7050E-17	0
8803.899	8.6835E-17	0
8805.434	8.2192E-17	0
8806.968	9.0133E-17	0
8808.502	9.3381E-17	0
8810.036	1.0049E-16	0
8811.570	1.0033E-16	0
8813.105	8.8934E-17	0
8814.640	8.8124E-17	0
8816.174	8.7701E-17	0
8817.708	8.9463E-17	0
8819.242	9.1381E-17	0
8820.776	8.0809E-17	0
8822.311	8.4660E-17	0
8823.846	8.1429E-17	0
8825.380	7.0202E-17	0
8826.914	8.2118E-17	0
8828.448	9.5645E-17	0
8829.982	8.8181E-17	0
8831.517	9.1688E-17	0
8833.052	1.0415E-16	0
8834.586	1.0192E-16	0
8836.120	1.0189E-16	0
8837.654	1.0719E-16	0
8839.188	1.0893E-16	0
8840.723	1.1031E-16	0
8842.257	1.1734E-16	0
8843.792	1.3111E-16	0
8845.326	1.3371E-16	0
8846.860	1.2494E-16	0
8848.395	1.1907E-16	0
8849.929	1.1988E-16	0
8851.463	1.2829E-16	0
8852.997	1.3162E-16	0
8854.532	1.2658E-16	0
8856.066	1.2214E-16	0
8857.601	1.2178E-16	0
8859.135	1.2014E-16	0
8860.669	1.1486E-16	0
8862.203	1.1104E-16	0
8863.738	1.1529E-16	0
8865.272	1.2376E-16	0
8866.807	1.2918E-16	0
8868.341	1.3549E-16	0
8869.875	1.3027E-16	0
8871.409	1.2137E-16	0
8872.943	1.1905E-16	0
8874.479	1.2112E-16	0
8876.013	1.2277E-16	0
8877.547	1.1889E-16	0
8879.081	1.0993E-16	0
8880.615	1.0975E-16	0
8882.149	1.1768E-16	0
8883.684	1.0031E-16	0
8885.219	9.7890E-17	0
8886.753	1.1564E-16	0
8888.287	1.0365E-16	0
8889.821	1.0031E-16	0
8891.355	1.1082E-16	0
8892.890	1.1242E-16	0
8894.425	1.0854E-16	0
8895.959	1.0839E-16	0
8897.493	1.0857E-16	0
8899.027	1.0411E-16	0
8900.562	1.1139E-16	0
8902.096	1.1828E-16	0
8903.630	1.1442E-16	0
8905.165	1.1371E-16	0
8906.699	1.1603E-16	0
8908.233	1.1454E-16	0
8909.768	1.1083E-16	0
8911.302	1.0574E-16	0
8912.836	1.0262E-16	0
8914.371	9.0602E-17	0
8915.905	8.8696E-17	0
8917.439	9.5835E-17	0
8918.974	9.7546E-17	0
8920.508	1.0959E-16	0
8922.042	1.1380E-16	0
8923.576	9.7853E-17	0
8925.111	9.1969E-17	0
8926.646	9.1326E-17	0
8928.180	9.1842E-17	0
8929.714	8.6056E-17	0
8931.248	8.0692E-17	0
8932.782	7.8320E-17	0
8934.316	8.0128E-17	0
8935.852	8.1252E-17	0
8937.386	7.5518E-17	0
8938.920	6.9372E-17	0
8940.454	6.2802E-17	0
8941.988	5.9719E-17	0
8943.522	7.6776E-17	0
8945.058	7.7779E-17	0
8946.592	7.5527E-17	0
8948.126	7.4534E-17	0
8949.660	7.6063E-17	0
8951.194	7.4451E-17	0
8952.729	7.4074E-17	0
8954.263	7.1030E-17	0
8955.798	6.4586E-17	0
8957.332	6.4013E-17	0
8958.866	6.3114E-17	0
8960.400	7.1849E-17	0
8961.935	7.6563E-17	0
8963.469	7.2634E-17	0
8965.003	7.1456E-17	0
8966.538	7.1689E-17	0
8968.072	7.6125E-17	0
8969.606	8.3653E-17	0
8971.141	8.4943E-17	0
8972.675	7.6312E-17	0
8974.209	8.1435E-17	0
8975.744	7.5432E-17	0
8977.278	7.0383E-17	0
8978.812	8.1236E-17	0
8980.347	9.5165E-17	0
8981.881	9.3834E-17	0
8983.415	8.7088E-17	0
8984.949	9.2947E-17	0
8986.484	1.0081E-16	0
8988.019	1.0576E-16	0
8989.553	1.1170E-16	0
8991.087	1.1822E-16	0
8992.621	1.2474E-16	0
8994.155	1.2784E-16	0
8995.689	1.2882E-16	0
8997.225	1.2915E-16	0
8998.759	1.2231E-16	0
9000.293	1.1250E-16	0
9001.827	1.0875E-16	0
9003.361	1.1630E-16	0
9004.896	1.2975E-16	0
9006.431	1.2832E-16	0
9007.965	1.2466E-16	0
9009.499	1.3209E-16	0
9011.033	1.3813E-16	0
9012.567	1.3808E-16	0
9014.102	1.3776E-16	0
9015.636	1.3141E-16	0
9017.171	1.3403E-16	0
9018.705	1.4387E-16	0
9020.239	1.4490E-16	0
9021.773	1.4126E-16	0
9023.308	1.4499E-16	0
9024.842	1.5219E-16	0
9026.377	1.4595E-16	0
9027.911	1.3706E-16	0
9029.445	1.3294E-16	0
9030.979	1.2649E-16	0
9032.514	1.2694E-16	0
9034.048	1.4006E-16	0
9035.582	1.5992E-16	0
9037.117	1.6910E-16	0
9038.651	1.7946E-16	0
9040.186	1.9922E-16	0
9041.720	2.0927E-16	0
9043.254	2.1086E-16	0
9044.788	2.0567E-16	0
9046.322	2.0254E-16	0
9047.857	2.0247E-16	0
9049.392	2.0248E-16	0
9050.926	2.0668E-16	0
9052.460	2.1987E-16	0
9053.994	2.2347E-16	0
9055.528	2.1741E-16	0
9057.063	2.2011E-16	0
9058.598	2.2385E-16	0
9060.132	2.1054E-16	0
9061.666	2.1298E-16	0
9063.200	2.2349E-16	0
9064.734	2.2749E-16	0
9066.269	2.3257E-16	0
9067.804	2.4164E-16	0
9069.338	2.5976E-16	0
9070.872	2.8173E-16	0
9072.406	2.9169E-16	0
9073.940	2.8804E-16	0
9075.475	2.8238E-16	0
9077.009	2.8260E-16	0
9078.544	2.7354E-16	0
9080.078	2.6403E-16	0
9081.612	2.6316E-16	0
9083.146	2.6008E-16	0
9084.681	2.6595E-16	0
9086.215	2.8916E-16	0
9087.750	3.0376E-16	0
9089.284	2.9869E-16	0
9090.818	2.9732E-16	0
9092.353	2.9931E-16	0
9093.887	3.0747E-16	0
9095.421	3.1063E-16	0
9096.955	3.0946E-16	0
9098.490	3.0621E-16	0
9100.024	3.0995E-16	0
9101.559	3.1595E-16	0
9103.093	3.0860E-16	0
9104.627	2.9391E-16	0
9106.161	2.7315E-16	0
9107.695	2.5534E-16	0
9109.230	2.4177E-16	0
9110.765	2.3740E-16	0
9112.299	2.3518E-16	0
9113.833	2.2538E-16	0
9115.367	2.1905E-16	0
9116.901	2.0720E-16	0
9118.437	1.9692E-16	0
9119.971	1.9304E-16	0
9121.505	1.9234E-16	0
9123.039	1.7837E-16	0
9124.573	1.6124E-16	0
9126.107	1.5270E-16	0
9127.642	1.4152E-16	0
9129.177	1.2994E-16	0
9130.711	1.2613E-16	0
9132.245	1.1818E-16	0
9133.779	1.1539E-16	0
9135.313	1.1540E-16	0
9136.848	1.1665E-16	0
9138.383	1.0807E-16	0
9139.917	1.0592E-16	0
9141.451	1.0473E-16	0
9142.985	1.0282E-16	0
9144.520	1.0349E-16	0
9146.054	1.0638E-16	0
9147.588	1.0794E-16	0
9149.123	1.0586E-16	0
9150.657	1.0911E-16	0
9152.191	1.0768E-16	0
9153.726	9.9148E-17	0
9155.260	8.5594E-17	0
9156.794	8.2915E-17	0
9158.328	9.0334E-17	0
9159.863	9.8270E-17	0
9161.397	1.0676E-16	0
9162.932	1.0262E-16	0
9164.466	1.0277E-16	0
9166.000	1.1636E-16	0
9167.534	1.1996E-16	0
9169.069	1.1320E-16	0
9170.604	1.1409E-16	0
9172.138	1.1453E-16	0
9173.672	1.1051E-16	0
9175.206	1.1231E-16	0
9176.740	1.2139E-16	0
9178.274	1.2309E-16	0
9179.810	1.2127E-16	0
9181.344	1.1855E-16	0
9182.878	1.1683E-16	0
9184.412	1.1653E-16	0
9185.946	1.1600E-16	0
9187.480	1.2757E-16	0
9189.015	1.3653E-16	0
9190.550	1.4153E-16	0
9192.084	1.4818E-16	0
9193.618	1.4837E-16	0
9195.152	1.3860E-16	0
9196.687	1.3732E-16	0
9198.221	1.4018E-16	0
9199.756	1.3947E-16	0
9201.290	1.4939E-16	0
9202.824	1.6664E-16	0
9204.358	1.7674E-16	0
9205.893	1.8403E-16	0
9207.427	1.9006E-16	0
9208.961	1.9580E-16	0
9210.496	2.0532E-16	0
9212.030	2.0324E-16	0
9213.564	1.8276E-16	0
9215.099	1.8129E-16	0
9216.633	1.9780E-16	0
9218.167	1.9868E-16	0
9219.701	1.9974E-16	0
9221.236	1.9544E-16	0
9222.771	1.8766E-16	0
9224.305	1.9654E-16	0
9225.839	2.0143E-16	0
9227.373	1.9780E-16	0
9228.907	1.9324E-16	0
9230.442	1.7966E-16	0
9231.977	1.7623E-16	0
9233.511	1.8340E-16	0
9235.045	1.7839E-16	0
9236.579	1.8270E-16	0
9238.113	1.9671E-16	0
9239.647	2.0557E-16	0
9241.183	2.2580E-16	0
9242.717	2.4182E-16	0
9244.251	2.3813E-16	0
9245.785	2.3066E-16	0
9247.319	2.3246E-16	0
9248.854	2.3782E-16	0
9250.388	2.3153E-16	0
9251.923	2.2078E-16	0
9253.457	2.2682E-16	0
9254.991	2.3112E-16	0
9256.525	2.2479E-16	0
9258.060	2.2141E-16	0
9259.594	2.1984E-16	0
9261.129	2.1843E-16	0
9262.663	2.1344E-16	0
9264.197	2.1311E-16	0
9265.731	2.1634E-16	0
9267.266	2.0901E-16	0
9268.800	2.0874E-16	0
9270.334	2.1269E-16	0
9271.869	2.1047E-16	0
9273.403	1.9840E-16	0
9274.938	1.7345E-16	0
9276.472	1.5898E-16	0
9278.006	1.6058E-16	0
9279.540	1.5445E-16	0
9281.075	1.5108E-16	0
9282.609	1.5255E-16	0
9284.144	1.4397E-16	0
9285.678	1.3961E-16	0
9287.212	1.3356E-16	0
9288.746	1.2227E-16	0
9290.280	1.1402E-16	0
9291.815	1.1684E-16	0
9293.350	1.1839E-16	0
9294.884	1.1313E-16	0
9296.418	1.0800E-16	0
9297.952	1.0423E-16	0
9299.486	9.7881E-17	0
9301.021	9.5626E-17	0
9302.556	9.4386E-17	0
9304.090	7.0962E-17	0
9305.624	5.4788E-17	0
9307.158	6.7735E-17	0
9308.692	8.1593E-17	0
9310.227	8.5627E-17	0
9311.762	7.6929E-17	0
9313.296	8.3028E-17	0
9314.830	9.8949E-17	0
9316.364	9.1978E-17	0
9317.898	1.0113E-16	0
9319.433	1.0933E-16	0
9320.967	9.0674E-17	0
9322.502	8.5720E-17	0
9324.036	9.2503E-17	0
9325.570	9.0190E-17	0
9327.104	8.3301E-17	0
9328.639	8.1822E-17	0
9330.173	8.5151E-17	0
9331.707	8.4249E-17	0
9333.242	8.2739E-17	0
9334.776	9.8523E-17	0
9336.311	9.7636E-17	0
9337.845	8.8816E-17	0
9339.379	7.9185E-17	0
9340.913	7.6063E-17	0
9342.448	7.6314E-17	0
9343.982	8.6110E-17	0
9345.517	9.4395E-17	0
9347.051	1.0112E-16	0
9348.585	9.6930E-17	0
9350.119	9.6206E-17	0
9351.653	9.5364E-17	0
9353.188	9.1082E-17	0
9354.723	8.4793E-17	0
9356.257	8.8397E-17	0
9357.791	1.0458E-16	0
9359.325	1.1375E-16	0
9360.859	1.1399E-16	0
9362.394	1.2049E-16	0
9363.929	1.3592E-16	0
9365.463	1.4781E-16	0
9366.997	1.5681E-16	0
9368.531	1.6470E-16	0
9370.065	1.6454E-16	0
9371.600	1.6223E-16	0
9373.135	1.6578E-16	0
9374.669	1.6089E-16	0
9376.203	1.6686E-16	0
9377.737	2.0767E-16	0
9379.271	2.5649E-16	0
9380.806	2.8303E-16	0
9382.340	2.7533E-16	0
9383.875	2.6663E-16	0
9385.409	2.8329E-16	0
9386.943	3.0341E-16	0
9388.478	3.0540E-16	0
9390.012	2.9704E-16	0
9391.546	2.9518E-16	0
9393.081	2.9987E-16	0
9394.615	3.0603E-16	0
9396.149	3.1257E-16	0
9397.684	3.1405E-16	0
9399.218	3.0454E-16	0
9400.752	3.0049E-16	0
9402.286	3.0779E-16	0
9403.821	3.0408E-16	0
9405.355	2.9350E-16	0
9406.890	2.9077E-16	0
9408.424	2.9660E-16	0
9409.958	2.9982E-16	0
9411.492	2.9103E-16	0
9413.026	2.7421E-16	0
9414.562	2.5908E-16	0
9416.096	2.4170E-16	0
9417.630	2.0992E-16	0
9419.164	2.0307E-16	0
9420.698	2.1486E-16	0
9422.232	1.9248E-16	0
9423.768	1.5563E-16	0
9425.302	1.4965E-16	0
9426.836	1.4579E-16	0
9428.370	1.3136E-16	0
9429.904	1.2730E-16	0
9431.438	1.2653E-16	0
9432.973	1.1900E-16	0
9434.508	1.2453E-16	0
9436.042	1.3589E-16	0
9437.576	1.0266E-16	0
9439.110	6.9668E-17	0
9440.645	1.1075E-16	0
9442.179	1.2293E-16	0
9443.713	9.9175E-17	0
9445.248	9.4857E-17	0
9446.782	1.0370E-16	0
9448.316	1.0173E-16	0
9449.851	1.0061E-16	0
9451.385	9.9067E-17	0
9452.919	1.0005E-16	0
9454.454	8.9383E-17	0
9455.988	8.9562E-17	0
9457.522	1.3002E-16	0
9459.057	1.5994E-16	0
9460.591	1.2330E-16	0
9462.125	8.5199E-17	0
9463.659	8.7780E-17	0
9465.194	9.0982E-17	0
9466.729	8.2782E-17	0
9468.263	8.3150E-17	0
9469.797	9.0248E-17	0
9471.331	1.0657E-16	0
9472.865	9.5979E-17	0
9474.399	7.6974E-17	0
9475.935	8.0385E-17	0
9477.469	6.9704E-17	0
9479.003	6.7683E-17	0
9480.537	8.7304E-17	0
9482.071	8.5970E-17	0
9483.605	8.1409E-17	0
9485.141	8.1911E-17	0
9486.675	8.6073E-17	0
9488.209	8.5751E-17	0
9489.743	7.7817E-17	0
9491.277	8.5597E-17	0
9492.812	1.0052E-16	0
9494.346	9.5527E-17	0
9495.881	9.5337E-17	0
9497.415	9.2431E-17	0
9498.949	8.8071E-17	0
9500.483	8.1633E-17	0
9502.018	6.1648E-17	0
9503.552	6.1501E-17	0
9505.087	7.6046E-17	0
9506.621	8.0962E-17	0
9508.155	8.6110E-17	0
9509.689	9.3454E-17	0
9511.224	1.0389E-16	0
9512.758	1.1111E-16	0
9514.292	1.0995E-16	0
9515.827	9.8442E-17	0
9517.361	1.1485E-16	0
9518.896	1.3336E-16	0
9520.430	1.4318E-16	0
9521.964	1.5880E-16	0
9523.498	1.7430E-16	0
9525.032	1.7360E-16	0
9526.567	1.5424E-16	0
9528.102	1.6063E-16	0
9529.636	1.6571E-16	0
9531.170	1.6883E-16	0
9532.704	1.7552E-16	0
9534.238	1.7197E-16	0
9535.773	1.7008E-16	0
9537.308	1.6838E-16	0
9538.842	1.6847E-16	0
9540.376	1.6790E-16	0
9541.910	1.6073E-16	0
9543.444	1.5988E-16	0
9544.979	1.6839E-16	0
9546.514	1.7677E-16	0
9548.048	1.7539E-16	0
9549.582	1.7598E-16	0
9551.116	1.6880E-16	0
9552.650	1.5942E-16	0
9554.185	1.5576E-16	0
9555.719	1.5894E-16	0
9557.254	1.5311E-16	0
9558.788	1.3541E-16	0
9560.322	1.2581E-16	0
9561.856	1.2240E-16	0
9563.391	1.1657E-16	0
9564.925	1.2001E-16	0
9566.460	1.2321E-16	0
9567.994	1.0784E-16	0
9569.528	9.3635E-17	0
9571.062	8.8180E-17	0
9572.597	8.5462E-17	0
9574.131	9.6351E-17	0
9575.665	1.1266E-16	0
9577.200	1.1867E-16	0
9578.734	1.1596E-16	0
9580.269	1.1916E-16	0
9581.803	1.3405E-16	0
9583.337	1.3733E-16	0
9584.871	1.2810E-16	0
9586.405	1.2697E-16	0
9587.940	1.2336E-16	0
9589.475	1.1297E-16	0
9591.009	1.1043E-16	0
9592.543	1.2174E-16	0
9594.077	1.3884E-16	0
9595.611	1.4757E-16	0
9597.146	1.4895E-16	0
9598.681	1.4400E-16	0
9600.215	1.4826E-16	0
9601.749	1.5959E-16	0
9603.283	1.5160E-16	0
9604.817	1.4709E-16	0
9606.352	1.6902E-16	0
9607.887	1.7154E-16	0
9609.421	1.5955E-16	0
9610.955	1.7280E-16	0
9612.489	1.7367E-16	0
9614.023	1.6459E-16	0
9615.558	1.6164E-16	0
9617.093	1.6211E-16	0
9618.627	1.4592E-16	0
9620.161	1.3424E-16	0
9621.695	1.3844E-16	0
9623.229	1.3507E-16	0
9624.764	1.2399E-16	0
9626.298	1.1782E-16	0
9627.833	1.2731E-16	0
9629.367	1.3699E-16	0
9630.901	1.3575E-16	0
9632.436	1.3436E-16	0
9633.970	1.4174E-16	0
9635.504	1.4649E-16	0
9637.038	1.4791E-16	0
9638.573	1.4178E-16	0
9640.107	1.4107E-16	0
9641.642	1.3419E-16	0
9643.176	1.3142E-16	0
9644.710	1.4251E-16	0
9646.244	1.5200E-16	0
9647.779	1.4816E-16	0
9649.313	1.3655E-16	0
9650.848	1.4173E-16	0
9652.382	1.4430E-16	0
9653.916	1.3791E-16	0
9655.450	1.4153E-16	0
9656.984	1.4649E-16	0
9658.520	1.4841E-16	0
9660.054	1.4119E-16	0
9661.588	1.3532E-16	0
9663.122	1.4024E-16	0
9664.656	1.5393E-16	0
9666.190	1.4596E-16	0
9667.725	1.3340E-16	0
9669.260	1.2002E-16	0
9670.794	1.0994E-16	0
9672.328	1.1142E-16	0
9673.862	1.0807E-16	0
9675.396	1.0060E-16	0
9676.931	9.8958E-17	0
9678.466	9.7926E-17	0
9680.000	9.4612E-17	0
9681.534	9.8297E-17	0
9683.068	9.2929E-17	0
9684.603	8.5958E-17	0
9686.137	8.1925E-17	0
9687.671	8.5360E-17	0
9689.206	9.2639E-17	0
9690.740	8.6793E-17	0
9692.274	7.9105E-17	0
9693.809	8.4528E-17	0
9695.343	8.9646E-17	0
9696.877	8.7127E-17	0
9698.411	8.0188E-17	0
9699.946	7.1046E-17	0
9701.480	6.7365E-17	0
9703.015	7.4844E-17	0
9704.549	7.1377E-17	0
9706.083	6.0867E-17	0
9707.617	4.9501E-17	0
9709.152	5.0386E-17	0
9710.687	5.7940E-17	0
9712.221	5.3600E-17	0
9713.755	4.9129E-17	0
9715.289	6.4599E-17	0
9716.823	7.4395E-17	0
9718.357	6.3468E-17	0
9719.893	6.0751E-17	0
9721.427	6.1433E-17	0
9722.961	6.9692E-17	0
9724.495	6.9799E-17	0
9726.029	6.5371E-17	0
9727.563	6.3864E-17	0
9729.099	6.3671E-17	0
9730.633	6.6841E-17	0
9732.167	6.2000E-17	0
9733.701	5.6146E-17	0
9735.235	6.0126E-17	0
9736.770	6.8328E-17	0
9738.304	7.7418E-17	0
9739.839	8.5195E-17	0
9741.373	9.0846E-17	0
9742.907	8.5819E-17	0
9744.441	7.2932E-17	0
9745.976	6.9826E-17	0
9747.510	7.4069E-17	0
9749.044	6.6078E-17	0
9750.579	6.1291E-17	0
9752.113	6.5045E-17	0
9753.647	6.0632E-17	0
9755.182	6.3347E-17	0
9756.716	6.8270E-17	0
9758.250	6.2415E-17	0
9759.785	5.6805E-17	0
9761.319	5.3129E-17	0
9762.854	6.0356E-17	0
9764.388	7.1292E-17	0
9765.922	6.8821E-17	0
9767.456	6.4252E-17	0
9768.990	7.1223E-17	0
9770.525	7.5149E-17	0
9772.060	7.0378E-17	0
9773.594	6.4565E-17	0
9775.128	5.6601E-17	0
9776.662	5.1348E-17	0
9778.196	4.8981E-17	0
9779.730	5.1339E-17	0
9781.266	5.6074E-17	0
9782.800	5.3415E-17	0
9784.334	5.1529E-17	0
9785.868	6.7738E-17	0
9787.402	7.8826E-17	0
9788.937	5.3295E-17	0
9790.472	3.3885E-17	0
9792.006	3.5140E-17	0
9793.540	4.1336E-17	0
9795.074	6.1015E-17	0
9796.608	6.3554E-17	0
9798.143	5.4441E-17	0
9799.677	5.4315E-17	0
9801.212	5.7964E-17	0
9802.746	6.4368E-17	0
9804.280	7.8203E-17	0
9805.814	9.2811E-17	0
9807.349	8.7465E-17	0
9808.883	7.9285E-17	0
9810.417	7.3116E-17	0
9811.952	6.7613E-17	0
9813.486	7.1321E-17	0
9815.021	7.1553E-17	0
9816.555	6.4271E-17	0
9818.089	7.1467E-17	0
9819.623	7.5687E-17	0
9821.158	7.0244E-17	0
9822.692	6.7817E-17	0
9824.227	7.1934E-17	0
9825.761	7.9910E-17	0
9827.295	7.8123E-17	0
9828.829	6.9992E-17	0
9830.363	6.9760E-17	0
9831.898	7.5479E-17	0
9833.433	8.4592E-17	0
9834.967	8.1579E-17	0
9836.501	7.9059E-17	0
9838.035	9.4250E-17	0
9839.569	1.0045E-16	0
9841.104	9.5165E-17	0
9842.639	8.6716E-17	0
9844.173	8.2484E-17	0
9845.707	8.1808E-17	0
9847.241	7.9673E-17	0
9848.775	8.9402E-17	0
9850.310	9.3037E-17	0
9851.845	8.0912E-17	0
9853.379	7.9146E-17	0
9854.913	8.6043E-17	0
9856.447	8.5686E-17	0
9857.981	9.7374E-17	0
9859.516	1.0222E-16	0
9861.050	9.5817E-17	0
9862.585	8.2946E-17	0
9864.119	7.6381E-17	0
9865.653	8.1489E-17	0
9867.188	9.9501E-17	0
9868.722	1.0615E-16	0
9870.256	8.8417E-17	0
9871.791	9.4305E-17	0
9873.325	1.0385E-16	0
9874.859	9.1797E-17	0
9876.394	8.3213E-17	0
9877.928	7.7320E-17	0
9879.462	7.6555E-17	0
9880.996	9.6097E-17	0
9882.531	9.8125E-17	0
9884.065	7.5829E-17	0
9885.600	7.3427E-17	0
9887.134	8.8101E-17	0
9888.668	8.9972E-17	0
9890.202	9.7953E-17	0
9891.736	1.1108E-16	0
9893.271	1.0508E-16	0
9894.806	9.7500E-17	0
9896.340	9.9782E-17	0
9897.874	8.1868E-17	0
9899.408	8.1367E-17	0
9900.942	8.1889E-17	0
9902.478	8.7712E-17	0
9904.012	9.3101E-17	0
9905.546	8.9471E-17	0
9907.080	9.3399E-17	0
9908.614	1.0514E-16	0
9910.148	9.7700E-17	0
9911.683	9.3608E-17	0
9913.218	7.8668E-17	0
9914.752	7.7660E-17	0
9916.286	1.0419E-16	0
9917.820	8.8456E-17	0
9919.354	7.1930E-17	0
9920.889	7.1039E-17	0
9922.423	6.9441E-17	0
9923.958	6.3221E-17	0
9925.492	7.3911E-17	0
9927.026	8.3817E-17	0
9928.561	7.3114E-17	0
9930.095	7.3287E-17	0
9931.629	7.7018E-17	0
9933.164	7.0677E-17	0
9934.698	7.4917E-17	0
9936.232	8.3405E-17	0
9937.767	7.6717E-17	0
9939.301	4.7712E-17	0
9940.835	3.2148E-17	0
9942.369	5.0405E-17	0
9943.904	7.6644E-17	0
9945.438	8.3881E-17	0
9946.973	5.5287E-17	0
9948.507	4.2836E-17	0
9950.041	6.1220E-17	0
9951.575	6.5428E-17	0
9953.110	5.7107E-17	0
9954.645	6.0564E-17	0
9956.179	6.7411E-17	0
9957.713	7.6140E-17	0
9959.247	7.6503E-17	0
9960.781	6.8282E-17	0
9962.315	6.6291E-17	0
9963.851	7.5780E-17	0
9965.385	8.3369E-17	0
9966.919	8.4209E-17	0
9968.453	7.3193E-17	0
9969.987	7.0792E-17	0
9971.521	7.5601E-17	0
9973.056	5.9453E-17	0
9974.591	6.6017E-17	0
9976.125	9.0810E-17	0
9977.659	8.6025E-17	0
9979.193	6.4777E-17	0
9980.728	6.6036E-17	0
9982.262	7.8555E-17	0
9983.797	7.9814E-17	0
9985.331	8.0589E-17	0
9986.865	8.0946E-17	0
9988.399	8.0409E-17	0
9989.934	8.8154E-17	0
9991.468	9.1562E-17	0
9993.002	8.4040E-17	0
9994.537	7.9436E-17	0
9996.071	7.9048E-17	0
9997.605	7.8314E-17	0
9999.140	7.8371E-17	0
10000.674	8.2519E-17	0