3398.90000000000	-5.329237E-16	0
3403.59462251663	1.144392E-15	0
3408.28924503326	6.785476E-16	0
3412.98386754990	1.101363E-15	0
3417.67849006653	1.142274E-15	0
3422.37311258316	-5.628664E-17	0
3427.06773509979	-1.982695E-17	0
3431.76235761643	3.326700E-16	0
3436.45698013306	1.653292E-15	0
3441.15160264969	4.500543E-16	0
3445.84622516632	-1.090671E-16	0
3450.54084768295	9.771148E-16	0
3455.23547019959	1.079843E-15	0
3459.93009271622	7.970917E-16	0
3464.62471523285	9.325279E-16	0
3469.31933774948	2.471580E-16	0
3474.01396026611	8.421158E-16	0
3478.70858278275	2.953198E-16	0
3483.40320529938	9.226976E-16	0
3488.09782781601	8.923703E-16	0
3492.79245033264	6.911785E-16	0
3497.48707284927	3.346518E-16	0
3502.18169536591	6.616875E-16	0
3506.87631788254	1.691935E-16	0
3511.57094039917	4.053444E-16	0
3516.26556291580	4.988173E-16	0
3520.96018543243	7.847763E-16	0
3525.65480794907	5.920801E-16	0
3530.34943046570	5.957984E-16	0
3535.04405298233	4.979003E-16	0
3539.73867549896	1.003981E-15	0
3544.43329801560	6.652902E-16	0
3549.12792053223	8.890727E-16	0
3553.82254304886	6.082586E-16	0
3558.51716556549	6.596017E-16	0
3563.21178808212	6.885265E-16	0
3567.90641059876	4.155683E-16	0
3572.60103311539	6.421112E-16	0
3577.29565563202	4.945322E-16	0
3581.99027814865	4.024918E-16	0
3586.68490066528	6.242851E-16	0
3591.37952318192	4.956400E-16	0
3596.07414569855	7.294836E-16	0
3600.76876821518	4.115084E-16	0
3605.46339073181	5.424572E-16	0
3610.15801324844	6.191342E-16	0
3614.85263576508	5.072360E-16	0
3619.54725828171	7.437274E-16	0
3624.24188079834	3.994246E-16	0
3628.93650331497	5.478453E-16	0
3633.63112583161	7.079618E-16	0
3638.32574834824	4.877616E-16	0
3643.02037086487	5.199465E-16	0
3647.71499338150	4.360680E-16	0
3652.40961589813	4.017643E-16	0
3657.10423841477	6.854777E-16	0
3661.79886093140	6.876063E-16	0
3666.49348344803	6.406551E-16	0
3671.18810596466	6.999320E-16	0
3675.88272848129	8.760636E-16	0
3680.57735099793	8.093288E-16	0
3685.27197351456	8.064267E-16	0
3689.96659603119	8.257023E-16	0
3694.66121854782	1.095114E-15	0
3699.35584106445	1.016321E-15	0
3704.05046358109	9.319538E-16	0
3708.74508609772	8.380079E-16	0
3713.43970861435	1.022983E-15	0
3718.13433113098	8.760159E-16	0
3722.82895364762	8.693696E-16	0
3727.52357616425	9.198559E-16	0
3732.21819868088	8.195122E-16	0
3736.91282119751	7.729205E-16	0
3741.60744371414	7.053748E-16	0
3746.30206623078	6.965961E-16	0
3750.99668874741	6.451925E-16	0
3755.69131126404	6.167430E-16	0
3760.38593378067	5.236257E-16	0
3765.08055629730	6.184891E-16	0
3769.77517881394	4.615473E-16	0
3774.46980133057	5.515490E-16	0
3779.16442384720	5.338075E-16	0
3783.85904636383	4.777486E-16	0
3788.55366888046	4.577780E-16	0
3793.24829139710	4.464448E-16	0
3797.94291391373	5.443004E-16	0
3802.63753643036	5.093365E-16	0
3807.33215894699	4.521526E-16	0
3812.02678146363	4.570372E-16	0
3816.72140398026	4.725197E-16	0
3821.41602649689	3.946689E-16	0
3826.11064901352	4.656799E-16	0
3830.80527153015	5.141833E-16	0
3835.49989404678	4.253568E-16	0
3840.19451656342	4.295933E-16	0
3844.88913908005	4.749030E-16	0
3849.58376159668	4.327913E-16	0
3854.27838411331	5.247478E-16	0
3858.97300662995	5.921157E-16	0
3863.66762914658	4.962638E-16	0
3868.36225166321	5.813793E-16	0
3873.05687417984	6.040223E-16	0
3877.75149669647	6.406895E-16	0
3882.44611921311	7.584413E-16	0
3887.14074172974	6.784908E-16	0
3891.83536424637	8.400737E-16	0
3896.52998676300	7.975984E-16	0
3901.22460927964	1.020902E-15	0
3905.91923179627	9.841937E-16	0
3910.61385431290	1.146992E-15	0
3915.30847682953	1.167014E-15	0
3920.00309934616	1.202908E-15	0
3924.69772186279	1.265331E-15	0
3929.39234437943	1.236379E-15	0
3934.08696689606	1.306867E-15	0
3938.78158941269	1.433915E-15	0
3943.47621192932	1.519713E-15	0
3948.17083444596	1.474695E-15	0
3952.86545696259	1.524191E-15	0
3957.56007947922	1.567516E-15	0
3962.25470199585	1.580607E-15	0
3966.94932451248	1.498200E-15	0
3971.64394702912	1.630902E-15	0
3976.33856954575	1.604572E-15	0
3981.03319206238	1.630318E-15	0
3985.72781457901	1.519160E-15	0
3990.42243709564	1.478787E-15	0
3995.11705961228	1.446120E-15	0
3999.81168212891	1.449164E-15	0
4004.50630464554	1.424293E-15	0
4009.20092716217	1.323086E-15	0
4013.89554967881	1.242615E-15	0
4018.59017219544	1.188341E-15	0
4023.28479471207	1.164621E-15	0
4027.97941722870	1.099963E-15	0
4032.67403974533	1.111535E-15	0
4037.36866226197	1.041693E-15	0
4042.06328477860	1.104530E-15	0
4046.75790729523	1.154863E-15	0
4051.45252981186	1.047943E-15	0
4056.14715232849	1.114181E-15	0
4060.84177484513	1.194079E-15	0
4065.53639736176	1.181517E-15	0
4070.23101987839	1.190378E-15	0
4074.92564239502	1.149562E-15	0
4079.62026491165	1.203627E-15	0
4084.31488742829	1.235240E-15	0
4089.00950994492	1.257039E-15	0
4093.70413246155	1.294423E-15	0
4098.39875497818	1.265724E-15	0
4103.09337749481	1.206845E-15	0
4107.78800001145	1.287179E-15	0
4112.48262252808	1.298634E-15	0
4117.17724504471	1.196303E-15	0
4121.87186756134	1.261962E-15	0
4126.56649007798	1.174218E-15	0
4131.26111259461	1.238994E-15	0
4135.95573511124	1.181076E-15	0
4140.65035762787	1.253342E-15	0
4145.34498014450	1.263859E-15	0
4150.03960266114	1.253612E-15	0
4154.73422517777	1.236012E-15	0
4159.42884769440	1.254215E-15	0
4164.12347021103	1.332295E-15	0
4168.81809272766	1.355047E-15	0
4173.51271524430	1.344376E-15	0
4178.20733776093	1.284844E-15	0
4182.90196027756	1.376811E-15	0
4187.59658279419	1.305817E-15	0
4192.29120531083	1.273127E-15	0
4196.98582782746	1.359734E-15	0
4201.68045034409	1.255812E-15	0
4206.37507286072	1.271793E-15	0
4211.06969537735	1.235473E-15	0
4215.76431789399	1.236235E-15	0
4220.45894041062	1.196857E-15	0
4225.15356292725	1.303176E-15	0
4229.84818544388	1.203396E-15	0
4234.54280796051	1.219089E-15	0
4239.23743047715	1.304181E-15	0
4243.93205299378	1.239214E-15	0
4248.62667551041	1.274731E-15	0
4253.32129802704	1.283164E-15	0
4258.01592054367	1.251696E-15	0
4262.71054306031	1.249364E-15	0
4267.40516557694	1.208504E-15	0
4272.09978809357	1.158426E-15	0
4276.79441061020	1.179103E-15	0
4281.48903312683	1.164870E-15	0
4286.18365564347	1.112444E-15	0
4290.87827816010	1.085757E-15	0
4295.57290067673	1.102245E-15	0
4300.26752319336	1.180901E-15	0
4304.96214571000	1.152254E-15	0
4309.65676822663	1.109134E-15	0
4314.35139074326	1.123042E-15	0
4319.04601325989	1.059895E-15	0
4323.74063577652	1.089385E-15	0
4328.43525829316	1.046314E-15	0
4333.12988080979	1.030049E-15	0
4337.82450332642	9.959522E-16	0
4342.51912584305	9.354822E-16	0
4347.21374835968	8.213511E-16	0
4351.90837087631	8.670293E-16	0
4356.60299339295	8.817636E-16	0
4361.29761590958	8.078429E-16	0
4365.99223842621	6.893105E-16	0
4370.68686094284	7.166751E-16	0
4375.38148345948	7.965759E-16	0
4380.07610597611	7.535532E-16	0
4384.77072849274	7.350227E-16	0
4389.46535100937	7.670343E-16	0
4394.15997352600	7.555661E-16	0
4398.85459604264	7.832633E-16	0
4403.54921855927	8.575490E-16	0
4408.24384107590	8.931541E-16	0
4412.93846359253	8.872791E-16	0
4417.63308610916	9.767467E-16	0
4422.32770862580	9.314839E-16	0
4427.02233114243	9.987535E-16	0
4431.71695365906	1.026665E-15	0
4436.41157617569	1.012056E-15	0
4441.10619869233	1.057915E-15	0
4445.80082120896	1.152573E-15	0
4450.49544372559	1.109368E-15	0
4455.19006624222	1.190189E-15	0
4459.88468875885	1.192488E-15	0
4464.57931127549	1.167054E-15	0
4469.27393379212	1.215889E-15	0
4473.96855630875	1.241044E-15	0
4478.66317882538	1.173069E-15	0
4483.35780134202	1.247481E-15	0
4488.05242385865	1.284576E-15	0
4492.74704637528	1.266028E-15	0
4497.44166889191	1.346620E-15	0
4502.13629140854	1.314175E-15	0
4506.83091392518	1.365110E-15	0
4511.52553644181	1.382807E-15	0
4516.22015895844	1.464356E-15	0
4520.91478147507	1.567681E-15	0
4525.60940399170	1.603242E-15	0
4530.30402650833	1.495822E-15	0
4534.99864902497	1.439550E-15	0
4539.69327154160	1.492073E-15	0
4544.38789405823	1.663090E-15	0
4549.08251657486	1.696848E-15	0
4553.77713909150	1.635847E-15	0
4558.47176160813	1.671041E-15	0
4563.16638412476	1.636487E-15	0
4567.86100664139	1.590743E-15	0
4572.55562915803	1.641583E-15	0
4577.25025167466	1.643920E-15	0
4581.94487419129	1.679292E-15	0
4586.63949670792	1.672382E-15	0
4591.33411922455	1.567885E-15	0
4596.02874174118	1.669989E-15	0
4600.72336425782	1.640934E-15	0
4605.41798677445	1.665802E-15	0
4610.11260929108	1.657127E-15	0
4614.80723180771	1.541123E-15	0
4619.50185432434	1.549258E-15	0
4624.19647684098	1.634150E-15	0
4628.89109935761	1.544315E-15	0
4633.58572187424	1.605031E-15	0
4638.28034439087	1.509825E-15	0
4642.97496690751	1.531797E-15	0
4647.66958942414	1.572610E-15	0
4652.36421194077	1.573236E-15	0
4657.05883445740	1.504107E-15	0
4661.75345697403	1.575003E-15	0
4666.44807949067	1.563076E-15	0
4671.14270200730	1.521162E-15	0
4675.83732452393	1.594252E-15	0
4680.53194704056	1.585750E-15	0
4685.22656955720	1.501306E-15	0
4689.92119207383	1.490484E-15	0
4694.61581459046	1.468709E-15	0
4699.31043710709	1.490408E-15	0
4704.00505962372	1.503297E-15	0
4708.69968214036	1.480349E-15	0
4713.39430465699	1.437466E-15	0
4718.08892717362	1.431070E-15	0
4722.78354969025	1.389309E-15	0
4727.47817220688	1.335079E-15	0
4732.17279472352	1.340147E-15	0
4736.86741724015	1.376890E-15	0
4741.56203975678	1.436429E-15	0
4746.25666227341	1.394245E-15	0
4750.95128479004	1.307908E-15	0
4755.64590730668	1.410536E-15	0
4760.34052982331	1.449369E-15	0
4765.03515233994	1.435819E-15	0
4769.72977485657	1.435948E-15	0
4774.42439737320	1.433601E-15	0
4779.11901988984	1.443005E-15	0
4783.81364240647	1.406549E-15	0
4788.50826492310	1.432491E-15	0
4793.20288743973	1.405583E-15	0
4797.89750995636	1.332811E-15	0
4802.59213247300	1.339582E-15	0
4807.28675498963	1.367294E-15	0
4811.98137750626	1.326876E-15	0
4816.67600002289	1.338322E-15	0
4821.37062253953	1.306322E-15	0
4826.06524505616	1.306825E-15	0
4830.75986757279	1.251811E-15	0
4835.45449008942	1.312079E-15	0
4840.14911260605	1.299647E-15	0
4844.84373512269	1.289374E-15	0
4849.53835763932	1.277263E-15	0
4854.23298015595	1.346625E-15	0
4858.92760267258	1.351944E-15	0
4863.62222518921	1.346581E-15	0
4868.31684770585	1.384119E-15	0
4873.01147022248	1.320375E-15	0
4877.70609273911	1.338957E-15	0
4882.40071525574	1.234112E-15	0
4887.09533777237	1.232162E-15	0
4891.78996028901	1.203276E-15	0
4896.48458280564	1.121803E-15	0
4901.17920532227	1.060552E-15	0
4905.87382783890	1.033044E-15	0
4910.56845035554	1.068164E-15	0
4915.26307287217	9.727258E-16	0
4919.95769538880	9.005755E-16	0
4924.65231790543	9.065425E-16	0
4929.34694042206	8.955056E-16	0
4934.04156293870	8.432362E-16	0
4938.73618545533	9.092810E-16	0
4943.43080797196	9.649635E-16	0
4948.12543048859	9.657224E-16	0
4952.82005300522	9.950947E-16	0
4957.51467552186	9.974181E-16	0
4962.20929803849	1.043309E-15	0
4966.90392055512	1.010219E-15	0
4971.59854307175	1.053874E-15	0
4976.29316558838	1.049606E-15	0
4980.98778810502	1.058968E-15	0
4985.68241062165	1.086173E-15	0
4990.37703313828	1.141281E-15	0
4995.07165565491	1.099412E-15	0
4999.76627817154	1.153681E-15	0
5004.46090068818	1.193290E-15	0
5009.15552320481	1.168157E-15	0
5013.85014572144	1.231381E-15	0
5018.54476823807	1.184591E-15	0
5023.23939075471	1.197428E-15	0
5027.93401327134	1.226008E-15	0
5032.62863578797	1.275113E-15	0
5037.32325830460	1.146943E-15	0
5042.01788082124	1.288997E-15	0
5046.71250333787	1.337948E-15	0
5051.40712585450	1.216584E-15	0
5056.10174837113	1.289879E-15	0
5060.79637088776	1.271545E-15	0
5065.49099340439	1.279548E-15	0
5070.18561592103	1.320852E-15	0
5074.88023843766	1.309518E-15	0
5079.57486095429	1.282946E-15	0
5084.26948347092	1.318941E-15	0
5088.96410598756	1.276968E-15	0
5093.65872850419	1.242006E-15	0
5098.35335102082	1.261401E-15	0
5103.04797353745	1.280181E-15	0
5107.74259605408	1.302386E-15	0
5112.43721857072	1.280309E-15	0
5117.13184108735	1.342209E-15	0
5121.82646360398	1.372055E-15	0
5126.52108612061	1.366134E-15	0
5131.21570863725	1.391688E-15	0
5135.91033115388	1.338305E-15	0
5140.60495367051	1.363597E-15	0
5145.29957618714	1.372728E-15	0
5149.99419870377	1.409433E-15	0
5154.68882122041	1.402546E-15	0
5159.38344373704	1.441434E-15	0
5164.07806625367	1.496243E-15	0
5168.77268877030	1.423988E-15	0
5173.46731128693	1.450307E-15	0
5178.16193380356	1.526069E-15	0
5182.85655632020	1.437397E-15	0
5187.55117883683	1.472547E-15	0
5192.24580135346	1.478237E-15	0
5196.94042387009	1.438271E-15	0
5201.63504638673	1.432543E-15	0
5206.32966890336	1.449396E-15	0
5211.02429141999	1.452627E-15	0
5215.71891393662	1.398753E-15	0
5220.41353645326	1.403853E-15	0
5225.10815896989	1.370121E-15	0
5229.80278148652	1.341379E-15	0
5234.49740400315	1.311375E-15	0
5239.19202651978	1.243266E-15	0
5243.88664903641	1.238471E-15	0
5248.58127155305	1.333353E-15	0
5253.27589406968	1.341262E-15	0
5257.97051658631	1.328191E-15	0
5262.66513910294	1.408431E-15	0
5267.35976161958	1.383063E-15	0
5272.05438413621	1.385599E-15	0
5276.74900665284	1.408485E-15	0
5281.44362916947	1.381273E-15	0
5286.13825168610	1.387499E-15	0
5290.83287420274	1.422733E-15	0
5295.52749671937	1.369614E-15	0
5300.22211923600	1.366924E-15	0
5304.91674175263	1.324927E-15	0
5309.61136426927	1.373078E-15	0
5314.30598678590	1.314621E-15	0
5319.00060930253	1.266480E-15	0
5323.69523181916	1.256747E-15	0
5328.38985433579	1.252273E-15	0
5333.08447685242	1.173189E-15	0
5337.77909936906	1.164905E-15	0
5342.47372188569	1.157503E-15	0
5347.16834440232	1.176395E-15	0
5351.86296691895	1.179572E-15	0
5356.55758943558	1.141325E-15	0
5361.25221195222	1.209745E-15	0
5365.94683446885	1.203719E-15	0
5370.64145698548	1.204803E-15	0
5375.33607950211	1.188006E-15	0
5380.03070201875	1.200138E-15	0
5384.72532453538	1.265391E-15	0
5389.41994705201	1.208150E-15	0
5394.11456956864	1.142966E-15	0
5398.80919208527	1.167937E-15	0
5403.50381460191	1.147717E-15	0
5408.19843711854	1.135762E-15	0
5412.89305963517	1.192132E-15	0
5417.58768215180	1.239898E-15	0
5422.28230466843	1.279469E-15	0
5426.97692718507	1.264107E-15	0
5431.67154970170	1.255962E-15	0
5436.36617221833	1.237104E-15	0
5441.06079473496	1.175706E-15	0
5445.75541725159	1.236961E-15	0
5450.45003976823	1.296745E-15	0
5455.14466228486	1.179355E-15	0
5459.83928480149	1.162706E-15	0
5464.53390731812	1.272470E-15	0
5469.22852983476	1.217443E-15	0
5473.92315235139	1.200324E-15	0
5478.61777486802	1.229922E-15	0
5483.31239738465	1.169773E-15	0
5488.00701990129	1.153967E-15	0
5492.70164241792	1.187985E-15	0
5497.39626493455	1.163623E-15	0
5502.09088745118	1.158851E-15	0
5506.78550996781	1.151157E-15	0
5511.48013248444	1.080853E-15	0
5516.17475500108	1.111346E-15	0
5520.86937751771	1.077813E-15	0
5525.56400003434	1.084839E-15	0
5530.25862255097	1.043551E-15	0
5534.95324506760	1.053770E-15	0
5539.64786758424	1.073131E-15	0
5544.34249010087	1.051738E-15	0
5549.03711261750	1.117928E-15	0
5553.73173513413	1.124163E-15	0
5558.42635765077	1.133659E-15	0
5563.12098016740	1.102942E-15	0
5567.81560268403	1.135294E-15	0
5572.51022520066	1.253707E-15	0
5577.20484771729	1.247573E-15	0
5581.89947023393	1.254156E-15	0
5586.59409275056	1.273944E-15	0
5591.28871526719	1.284482E-15	0
5595.98333778382	1.300741E-15	0
5600.67796030045	1.326991E-15	0
5605.37258281709	1.355234E-15	0
5610.06720533372	1.364310E-15	0
5614.76182785035	1.396204E-15	0
5619.45645036698	1.383229E-15	0
5624.15107288362	1.387655E-15	0
5628.84569540025	1.363049E-15	0
5633.54031791688	1.426568E-15	0
5638.23494043351	1.425233E-15	0
5642.92956295014	1.393994E-15	0
5647.62418546678	1.443287E-15	0
5652.31880798341	1.461149E-15	0
5657.01343050004	1.424967E-15	0
5661.70805301667	1.385711E-15	0
5666.40267553330	1.439775E-15	0
5671.09729804994	1.427833E-15	0
5675.79192056657	1.413359E-15	0
5680.48654308320	1.453585E-15	0
5685.18116559983	1.460537E-15	0
5689.87578811646	1.438197E-15	0
5694.57041063310	1.384261E-15	0
5699.26503314973	1.383504E-15	0
5703.95965566636	1.407590E-15	0
5708.65427818299	1.411320E-15	0
5713.34890069962	1.444222E-15	0
5718.04352321626	1.454734E-15	0
5722.73814573289	1.396507E-15	0
5727.43276824952	1.370982E-15	0
5732.12739076615	1.459979E-15	0
5736.82201328279	1.465863E-15	0
5741.51663579942	1.408890E-15	0
5746.21125831605	1.401563E-15	0
5750.90588083268	1.451351E-15	0
5755.60050334931	1.437189E-15	0
5760.29512586594	1.379649E-15	0
5764.98974838258	1.427599E-15	0
5769.68437089921	1.411458E-15	0
5774.37899341584	1.386296E-15	0
5779.07361593247	1.321550E-15	0
5783.76823844911	1.351778E-15	0
5788.46286096574	1.313120E-15	0
5793.15748348237	1.238490E-15	0
5797.85210599900	1.256591E-15	0
5802.54672851563	1.306399E-15	0
5807.24135103227	1.226862E-15	0
5811.93597354890	1.281940E-15	0
5816.63059606553	1.148614E-15	0
5821.32521858216	1.154726E-15	0
5826.01984109880	1.101023E-15	0
5830.71446361543	1.127722E-15	0
5835.40908613206	1.125005E-15	0
5840.10370864869	1.108859E-15	0
5844.79833116532	1.086245E-15	0
5849.49295368195	1.137812E-15	0
5854.18757619859	1.156645E-15	0
5858.88219871522	1.133659E-15	0
5863.57682123185	1.129356E-15	0
5868.27144374848	1.114702E-15	0
5872.96606626511	1.157874E-15	0
5877.66068878175	1.185954E-15	0
5882.35531129838	1.198298E-15	0
5887.04993381501	1.203858E-15	0
5891.74455633164	1.220242E-15	0
5896.43917884828	1.231837E-15	0
5901.13380136491	1.261097E-15	0
5905.82842388154	1.371829E-15	0
5910.52304639817	1.383725E-15	0
5915.21766891481	1.367496E-15	0
5919.91229143144	1.405514E-15	0
5924.60691394807	1.362501E-15	0
5929.30153646470	1.385646E-15	0
5933.99615898133	1.397701E-15	0
5938.69078149796	1.426435E-15	0
5943.38540401460	1.434259E-15	0
5948.08002653123	1.392211E-15	0
5952.77464904786	1.479502E-15	0
5957.46927156449	1.471835E-15	0
5962.16389408113	1.423356E-15	0
5966.85851659776	1.346407E-15	0
5971.55313911439	1.178119E-15	0
5976.24776163102	1.130695E-15	0
5980.94238414765	1.176601E-15	0
5985.63700666429	1.331902E-15	0
5990.33162918092	1.482416E-15	0
5995.02625169755	1.503456E-15	0
5999.72087421418	1.554725E-15	0
6004.41549673082	1.581341E-15	0
6009.11011924745	1.549257E-15	0
6013.80474176408	1.480837E-15	0
6018.49936428071	1.564099E-15	0
6023.19398679734	1.454958E-15	0
6027.88860931397	1.548277E-15	0
6032.58323183061	1.528976E-15	0
6037.27785434724	1.496336E-15	0
6041.97247686387	1.474441E-15	0
6046.66709938050	1.499162E-15	0
6051.36172189714	1.551478E-15	0
6056.05634441377	1.524724E-15	0
6060.75096693040	1.467455E-15	0
6065.44558944703	1.477770E-15	0
6070.14021196366	1.482144E-15	0
6074.83483448030	1.465670E-15	0
6079.52945699693	1.474943E-15	0
6084.22407951356	1.484740E-15	0
6088.91870203019	1.409138E-15	0
6093.61332454683	1.350112E-15	0
6098.30794706346	1.403834E-15	0
6103.00256958009	1.385817E-15	0
6107.69719209672	1.315975E-15	0
6112.39181461335	1.338741E-15	0
6117.08643712999	1.325695E-15	0
6121.78105964662	1.227468E-15	0
6126.47568216325	1.261280E-15	0
6131.17030467988	1.187541E-15	0
6135.86492719651	1.150223E-15	0
6140.55954971315	1.034947E-15	0
6145.25417222978	1.037488E-15	0
6149.94879474641	1.003560E-15	0
6154.64341726304	9.979429E-16	0
6159.33803977967	9.550551E-16	0
6164.03266229631	8.828436E-16	0
6168.72728481294	8.506194E-16	0
6173.42190732957	8.652980E-16	0
6178.11652984620	8.391842E-16	0
6182.81115236284	7.957120E-16	0
6187.50577487947	7.846300E-16	0
6192.20039739610	8.313949E-16	0
6196.89501991273	8.436769E-16	0
6201.58964242936	8.032490E-16	0
6206.28426494599	7.818587E-16	0
6210.97888746263	8.083186E-16	0
6215.67350997926	8.201418E-16	0
6220.36813249589	7.922523E-16	0
6225.06275501252	8.026668E-16	0
6229.75737752916	8.375689E-16	0
6234.45200004579	8.824031E-16	0
6239.14662256242	8.640184E-16	0
6243.84124507905	8.089648E-16	0
6248.53586759568	8.148587E-16	0
6253.23049011232	8.674421E-16	0
6257.92511262895	9.087858E-16	0
6262.61973514558	9.483480E-16	0
6267.31435766221	9.213037E-16	0
6272.00898017884	9.802047E-16	0
6276.70360269548	9.725392E-16	0
6281.39822521211	9.518717E-16	0
6286.09284772874	1.014170E-15	0
6290.78747024537	1.055456E-15	0
6295.48209276200	1.067180E-15	0
6300.17671527864	1.056182E-15	0
6304.87133779527	1.058582E-15	0
6309.56596031190	1.139180E-15	0
6314.26058282853	1.154981E-15	0
6318.95520534516	1.148783E-15	0
6323.64982786180	1.234821E-15	0
6328.34445037843	1.191426E-15	0
6333.03907289506	1.243011E-15	0
6337.73369541169	1.273811E-15	0
6342.42831792833	1.258199E-15	0
6347.12294044496	1.287363E-15	0
6351.81756296159	1.269918E-15	0
6356.51218547822	1.312860E-15	0
6361.20680799485	1.346097E-15	0
6365.90143051149	1.351182E-15	0
6370.59605302812	1.368481E-15	0
6375.29067554475	1.337286E-15	0
6379.98529806138	1.387765E-15	0
6384.67992057801	1.389349E-15	0
6389.37454309465	1.402240E-15	0
6394.06916561128	1.420342E-15	0
6398.76378812791	1.441534E-15	0
6403.45841064454	1.423228E-15	0
6408.15303316117	1.402355E-15	0
6412.84765567781	1.422734E-15	0
6417.54227819444	1.406854E-15	0
6422.23690071107	1.428070E-15	0
6426.93152322770	1.455355E-15	0
6431.62614574434	1.420888E-15	0
6436.32076826097	1.462726E-15	0
6441.01539077760	1.435114E-15	0
6445.71001329423	1.385549E-15	0
6450.40463581086	1.375188E-15	0
6455.09925832750	1.404717E-15	0
6459.79388084413	1.441731E-15	0
6464.48850336076	1.401554E-15	0
6469.18312587739	1.429436E-15	0
6473.87774839402	1.419250E-15	0
6478.57237091066	1.444052E-15	0
6483.26699342729	1.474314E-15	0
6487.96161594392	1.457811E-15	0
6492.65623846055	1.437954E-15	0
6497.35086097718	1.453260E-15	0
6502.04548349382	1.428568E-15	0
6506.74010601045	1.377068E-15	0
6511.43472852708	1.343461E-15	0
6516.12935104371	1.348643E-15	0
6520.82397356035	1.359048E-15	0
6525.51859607698	1.340090E-15	0
6530.21321859361	1.415460E-15	0
6534.90784111024	1.413778E-15	0
6539.60246362687	1.357890E-15	0
6544.29708614351	1.346465E-15	0
6548.99170866014	1.357027E-15	0
6553.68633117677	1.372826E-15	0
6558.38095369340	1.335522E-15	0
6563.07557621003	1.342074E-15	0
6567.77019872667	1.328184E-15	0
6572.46482124330	1.344522E-15	0
6577.15944375993	1.345897E-15	0
6581.85406627656	1.323616E-15	0
6586.54868879319	1.290941E-15	0
6591.24331130983	1.304232E-15	0
6595.93793382646	1.329583E-15	0
6600.63255634309	1.303414E-15	0
6605.32717885972	1.268933E-15	0
6610.02180137635	1.308374E-15	0
6614.71642389299	1.348021E-15	0
6619.41104640962	1.316179E-15	0
6624.10566892625	1.348322E-15	0
6628.80029144288	1.399171E-15	0
6633.49491395952	1.371167E-15	0
6638.18953647615	1.332092E-15	0
6642.88415899278	1.333815E-15	0
6647.57878150941	1.345925E-15	0
6652.27340402604	1.348836E-15	0
6656.96802654268	1.330672E-15	0
6661.66264905931	1.332749E-15	0
6666.35727157594	1.388228E-15	0
6671.05189409257	1.426869E-15	0
6675.74651660920	1.422399E-15	0
6680.44113912584	1.381279E-15	0
6685.13576164247	1.336463E-15	0
6689.83038415910	1.273664E-15	0
6694.52500667573	1.276881E-15	0
6699.21962919237	1.310136E-15	0
6703.91425170900	1.310011E-15	0
6708.60887422563	1.301696E-15	0
6713.30349674226	1.254110E-15	0
6717.99811925890	1.290827E-15	0
6722.69274177553	1.237154E-15	0
6727.38736429216	1.275850E-15	0
6732.08198680879	1.239909E-15	0
6736.77660932542	1.208517E-15	0
6741.47123184205	1.284280E-15	0
6746.16585435868	1.274345E-15	0
6750.86047687532	1.258725E-15	0
6755.55509939195	1.194956E-15	0
6760.24972190858	1.216101E-15	0
6764.94434442521	1.266286E-15	0
6769.63896694185	1.275368E-15	0
6774.33358945848	1.241456E-15	0
6779.02821197511	1.247746E-15	0
6783.72283449174	1.271096E-15	0
6788.41745700838	1.258624E-15	0
6793.11207952501	1.248413E-15	0
6797.80670204164	1.257871E-15	0
6802.50132455827	1.324941E-15	0
6807.19594707490	1.338849E-15	0
6811.89056959154	1.289510E-15	0
6816.58519210817	1.329675E-15	0
6821.27981462480	1.289496E-15	0
6825.97443714143	1.271349E-15	0
6830.66905965806	1.248141E-15	0
6835.36368217470	1.248040E-15	0
6840.05830469133	1.195955E-15	0
6844.75292720796	1.208547E-15	0
6849.44754972459	1.219311E-15	0
6854.14217224122	1.239223E-15	0
6858.83679475786	1.126245E-15	0
6863.53141727449	1.034130E-15	0
6868.22603979112	1.138880E-15	0
6872.92066230775	1.361508E-15	0
6877.61528482439	1.433216E-15	0
6882.30990734102	1.374899E-15	0
6887.00452985765	1.311611E-15	0
6891.69915237428	1.283607E-15	0
6896.39377489091	1.300873E-15	0
6901.08839740755	1.251470E-15	0
6905.78301992418	1.326718E-15	0
6910.47764244081	1.307229E-15	0
6915.17226495744	1.250068E-15	0
6919.86688747407	1.192524E-15	0
6924.56150999070	1.182503E-15	0
6929.25613250734	1.138575E-15	0
6933.95075502397	1.154540E-15	0
6938.64537754060	1.156705E-15	0
6943.34000005723	1.164474E-15	0
6948.03462257387	1.140329E-15	0
6952.72924509050	1.153714E-15	0
6957.42386760713	1.209149E-15	0
6962.11849012376	1.193828E-15	0
6966.81311264039	1.146244E-15	0
6971.50773515703	1.181478E-15	0
6976.20235767366	1.163920E-15	0
6980.89698019029	1.128687E-15	0
6985.59160270692	1.138841E-15	0
6990.28622522356	1.158201E-15	0
6994.98084774019	1.186950E-15	0
6999.67547025682	1.117058E-15	0
7004.37009277345	1.136896E-15	0
7009.06471529008	1.146198E-15	0
7013.75933780672	1.141827E-15	0
7018.45396032335	1.154298E-15	0
7023.14858283998	1.158940E-15	0
7027.84320535661	1.161227E-15	0
7032.53782787324	1.126198E-15	0
7037.23245038988	1.136480E-15	0
7041.92707290651	1.148133E-15	0
7046.62169542314	1.131886E-15	0
7051.31631793977	1.144698E-15	0
7056.01094045640	1.140963E-15	0
7060.70556297304	1.135886E-15	0
7065.40018548967	1.150204E-15	0
7070.09480800630	1.160934E-15	0
7074.78943052293	1.140920E-15	0
7079.48405303956	1.165556E-15	0
7084.17867555620	1.139262E-15	0
7088.87329807283	1.186871E-15	0
7093.56792058946	1.130433E-15	0
7098.26254310609	1.111927E-15	0
7102.95716562272	1.135373E-15	0
7107.65178813936	1.144725E-15	0
7112.34641065599	1.164935E-15	0
7117.04103317262	1.153394E-15	0
7121.73565568925	1.155796E-15	0
7126.43027820589	1.159537E-15	0
7131.12490072252	1.150693E-15	0
7135.81952323915	1.168875E-15	0
7140.51414575578	1.155419E-15	0
7145.20876827242	1.145463E-15	0
7149.90339078905	1.152162E-15	0
7154.59801330568	1.133264E-15	0
7159.29263582231	1.075870E-15	0
7163.98725833894	1.049185E-15	0
7168.68188085557	1.050449E-15	0
7173.37650337221	1.132489E-15	0
7178.07112588884	1.093180E-15	0
7182.76574840547	1.092238E-15	0
7187.46037092210	1.091452E-15	0
7192.15499343873	1.028107E-15	0
7196.84961595537	1.032279E-15	0
7201.54423847200	1.028588E-15	0
7206.23886098863	1.013908E-15	0
7210.93348350526	1.062200E-15	0
7215.62810602190	1.112793E-15	0
7220.32272853853	1.112932E-15	0
7225.01735105516	1.025997E-15	0
7229.71197357179	9.957509E-16	0
7234.40659608843	1.004124E-15	0
7239.10121860506	9.807502E-16	0
7243.79584112169	9.925705E-16	0
7248.49046363832	1.014202E-15	0
7253.18508615495	1.042026E-15	0
7257.87970867158	1.036614E-15	0
7262.57433118822	9.979286E-16	0
7267.26895370485	9.697867E-16	0
7271.96357622148	1.007675E-15	0
7276.65819873811	1.043796E-15	0
7281.35282125474	1.039902E-15	0
7286.04744377138	1.044190E-15	0
7290.74206628801	1.016680E-15	0
7295.43668880464	9.890694E-16	0
7300.13131132127	1.016969E-15	0
7304.82593383790	1.057225E-15	0
7309.52055635454	1.002327E-15	0
7314.21517887117	1.090973E-15	0
7318.90980138780	1.039593E-15	0
7323.60442390443	1.017134E-15	0
7328.29904642107	1.037169E-15	0
7332.99366893770	1.095469E-15	0
7337.68829145433	1.034233E-15	0
7342.38291397096	1.017320E-15	0
7347.07753648759	1.045421E-15	0
7351.77215900423	1.072697E-15	0
7356.46678152086	1.095002E-15	0
7361.16140403749	1.061734E-15	0
7365.85602655412	1.058008E-15	0
7370.55064907075	1.102101E-15	0
7375.24527158739	1.108219E-15	0
7379.93989410402	1.070932E-15	0
7384.63451662065	1.066830E-15	0
7389.32913913728	1.083879E-15	0
7394.02376165391	1.099258E-15	0
7398.71838417055	1.121868E-15	0
7403.41300668718	1.116584E-15	0
7408.10762920381	1.077370E-15	0
7412.80225172044	1.122509E-15	0
7417.49687423707	1.158788E-15	0
7422.19149675371	1.148679E-15	0
7426.88611927034	1.102607E-15	0
7431.58074178697	1.100759E-15	0
7436.27536430360	1.165925E-15	0
7440.96998682024	1.150456E-15	0
7445.66460933687	1.140732E-15	0
7450.35923185350	1.135136E-15	0
7455.05385437013	1.114612E-15	0
7459.74847688676	1.082145E-15	0
7464.44309940340	1.159570E-15	0
7469.13772192003	1.186295E-15	0
7473.83234443666	1.122522E-15	0
7478.52696695329	1.145290E-15	0
7483.22158946993	1.165879E-15	0
7487.91621198656	1.139405E-15	0
7492.61083450319	1.167464E-15	0
7497.30545701982	1.152530E-15	0
7502.00007953645	1.123593E-15	0
7506.69470205309	1.173598E-15	0
7511.38932456972	1.157696E-15	0
7516.08394708635	1.170208E-15	0
7520.77856960298	1.135323E-15	0
7525.47319211961	1.089998E-15	0
7530.16781463625	1.082056E-15	0
7534.86243715288	1.098480E-15	0
7539.55705966951	1.054367E-15	0
7544.25168218614	1.058794E-15	0
7548.94630470277	1.090975E-15	0
7553.64092721941	1.041273E-15	0
7558.33554973604	1.051372E-15	0
7563.03017225267	1.068271E-15	0
7567.72479476930	1.017083E-15	0
7572.41941728593	1.018549E-15	0
7577.11403980257	1.013238E-15	0
7581.80866231920	1.035450E-15	0
7586.50328483583	1.013722E-15	0
7591.19790735246	9.988084E-16	0
7595.89252986910	1.025362E-15	0
7600.58715238573	1.090667E-15	0
7605.28177490236	9.130162E-16	0
7609.97639741899	9.263083E-16	0
7614.67101993563	1.045380E-15	0
7619.36564245226	9.672075E-16	0
7624.06026496889	1.039692E-15	0
7628.75488748552	1.120925E-15	0
7633.44951000215	1.042401E-15	0
7638.14413251879	1.060892E-15	0
7642.83875503542	1.086919E-15	0
7647.53337755205	1.036747E-15	0
7652.22800006868	1.002374E-15	0
7656.92262258531	1.064819E-15	0
7661.61724510195	1.068253E-15	0
7666.31186761858	1.051164E-15	0
7671.00649013521	1.076173E-15	0
7675.70111265184	1.065914E-15	0
7680.39573516847	1.097894E-15	0
7685.09035768511	1.114137E-15	0
7689.78498020174	1.148471E-15	0
7694.47960271837	1.128538E-15	0
7699.17422523500	1.067144E-15	0
7703.86884775163	1.103506E-15	0
7708.56347026827	1.015142E-15	0
7713.25809278490	1.031870E-15	0
7717.95271530153	1.034092E-15	0
7722.64733781816	1.037949E-15	0
7727.34196033480	1.072903E-15	0
7732.03658285143	1.078849E-15	0
7736.73120536806	1.114135E-15	0
7741.42582788469	1.114407E-15	0
7746.12045040132	1.111617E-15	0
7750.81507291796	1.133579E-15	0
7755.50969543459	1.110141E-15	0
7760.20431795122	1.121014E-15	0
7764.89894046785	1.138778E-15	0
7769.59356298448	1.117141E-15	0
7774.28818550112	1.126615E-15	0
7778.98280801775	1.123580E-15	0
7783.67743053438	1.136343E-15	0
7788.37205305101	1.134418E-15	0
7793.06667556764	1.203601E-15	0
7797.76129808428	1.157586E-15	0
7802.45592060091	1.104589E-15	0
7807.15054311754	1.167631E-15	0
7811.84516563417	1.146880E-15	0
7816.53978815080	1.152904E-15	0
7821.23441066744	1.141617E-15	0
7825.92903318407	1.155005E-15	0
7830.62365570070	1.184986E-15	0
7835.31827821733	1.146328E-15	0
7840.01290073397	1.193070E-15	0
7844.70752325060	1.157550E-15	0
7849.40214576723	1.183548E-15	0
7854.09676828386	1.213745E-15	0
7858.79139080049	1.190377E-15	0
7863.48601331713	1.230390E-15	0
7868.18063583376	1.209695E-15	0
7872.87525835039	1.181977E-15	0
7877.56988086702	1.224352E-15	0
7882.26450338365	1.241162E-15	0
7886.95912590029	1.240016E-15	0
7891.65374841692	1.248557E-15	0
7896.34837093355	1.281931E-15	0
7901.04299345018	1.238760E-15	0
7905.73761596681	1.218728E-15	0
7910.43223848345	1.231768E-15	0
7915.12686100008	1.236117E-15	0
7919.82148351671	1.283293E-15	0
7924.51610603334	1.258135E-15	0
7929.21072854997	1.298338E-15	0
7933.90535106660	1.284396E-15	0
7938.59997358324	1.284695E-15	0
7943.29459609987	1.328667E-15	0
7947.98921861650	1.320489E-15	0
7952.68384113314	1.326891E-15	0
7957.37846364977	1.312400E-15	0
7962.07308616640	1.299757E-15	0
7966.76770868303	1.299096E-15	0
7971.46233119966	1.238539E-15	0
7976.15695371629	1.286229E-15	0
7980.85157623293	1.317785E-15	0
7985.54619874956	1.322234E-15	0
7990.24082126619	1.280933E-15	0
7994.93544378282	1.346370E-15	0
7999.63006629945	1.327684E-15	0
8004.32468881609	1.297472E-15	0
8009.01931133272	1.329822E-15	0
8013.71393384935	1.318575E-15	0
8018.40855636598	1.306086E-15	0
8023.10317888261	1.296255E-15	0
8027.79780139925	1.260601E-15	0
8032.49242391588	1.255158E-15	0
8037.18704643251	1.234260E-15	0
8041.88166894914	1.237892E-15	0
8046.57629146577	1.232966E-15	0
8051.27091398241	1.195361E-15	0
8055.96553649904	1.256805E-15	0
8060.66015901567	1.243351E-15	0
8065.35478153230	1.193486E-15	0
8070.04940404894	1.218899E-15	0
8074.74402656557	1.224368E-15	0
8079.43864908220	1.252868E-15	0
8084.13327159883	1.241958E-15	0
8088.82789411546	1.261642E-15	0
8093.52251663210	1.219465E-15	0
8098.21713914873	1.237949E-15	0
8102.91176166536	1.266197E-15	0
8107.60638418200	1.182442E-15	0
8112.30100669863	1.177040E-15	0
8116.99562921526	1.175796E-15	0
8121.69025173189	1.143717E-15	0
8126.38487424852	1.159841E-15	0
8131.07949676516	1.176503E-15	0
8135.77411928179	1.127591E-15	0
8140.46874179842	1.151147E-15	0
8145.16336431505	1.168199E-15	0
8149.85798683168	1.092245E-15	0
8154.55260934832	1.061148E-15	0
8159.24723186495	1.072347E-15	0
8163.94185438158	1.042393E-15	0
8168.63647689821	1.038306E-15	0
8173.33109941484	9.902813E-16	0
8178.02572193147	1.000870E-15	0
8182.72034444811	1.001867E-15	0
8187.41496696474	9.580226E-16	0
8192.10958948137	9.531606E-16	0
8196.80421199800	9.607035E-16	0